Iter=0, alpha=0.100, error=64.557
Iter=10, alpha=0.100, error=36.050
Iter=20, alpha=0.100, error=25.299
Iter=30, alpha=0.100, error=19.285
Iter=40, alpha=0.100, error=13.765
Iter=50, alpha=0.100, error=9.544
Iter=60, alpha=0.100, error=6.879
Iter=70, alpha=0.100, error=5.290
Iter=80, alpha=0.100, error=4.256
Iter=90, alpha=0.100, error=3.559
Iter=100, alpha=0.100, error=3.081
Iter=110, alpha=0.100, error=2.744
Iter=120, alpha=0.100, error=2.499
Iter=130, alpha=0.100, error=2.319
Iter=140, alpha=0.100, error=2.185
Iter=150, alpha=0.100, error=2.088
Iter=160, alpha=0.100, error=2.018
Iter=170, alpha=0.100, error=1.968
Iter=180, alpha=0.100, error=1.930
Iter=190, alpha=0.100, error=1.902
Iter=200, alpha=0.100, error=1.880
Iter=210, alpha=0.100, error=1.865
Iter=220, alpha=0.100, error=1.859
Iter=230, alpha=0.100, error=1.862
Iter=240, alpha=0.100, error=1.875
Iter=250, alpha=0.100, error=1.898
Iter=260, alpha=0.100, error=1.931
Iter=270, alpha=0.100, error=1.973
Iter=280, alpha=0.100, error=2.026
Iter=290, alpha=0.100, error=2.088
Iter=300, alpha=0.100, error=2.160
Iter=310, alpha=0.100, error=2.242
Iter=320, alpha=0.100, error=2.326
Iter=330, alpha=0.100, error=2.396
Iter=340, alpha=0.100, error=2.429
Iter=350, alpha=0.100, error=2.366
Iter=360, alpha=0.100, error=2.536
Iter=370, alpha=0.100, error=2.471
Iter=380, alpha=0.100, error=2.308
Iter=390, alpha=0.100, error=2.250
Iter=400, alpha=0.100, error=2.224
Iter=410, alpha=0.100, error=2.210
Iter=420, alpha=0.100, error=2.202
Iter=430, alpha=0.100, error=2.196
Iter=440, alpha=0.100, error=2.193
Iter=450, alpha=0.100, error=2.190
Iter=460, alpha=0.100, error=2.189
Iter=470, alpha=0.100, error=2.187
Iter=480, alpha=0.100, error=2.187
Iter=490, alpha=0.100, error=2.186

ID     Instance        Prediction Result  
1 [ 5.   3.   1.6  0.2] [1, 0, 0] True
2 [ 5.   3.4  1.6  0.4] [1, 0, 0] True
3 [ 5.2  3.5  1.5  0.2] [1, 0, 0] True
4 [ 5.2  3.4  1.4  0.2] [1, 0, 0] True
5 [ 4.7  3.2  1.6  0.2] [1, 0, 0] True
6 [ 4.8  3.1  1.6  0.2] [1, 0, 0] True
7 [ 5.4  3.4  1.5  0.4] [1, 0, 0] True
8 [ 5.2  4.1  1.5  0.1] [1, 0, 0] True
9 [ 5.5  4.2  1.4  0.2] [1, 0, 0] True
10 [ 4.9  3.1  1.5  0.1] [1, 0, 0] True
11 [ 5.   3.2  1.2  0.2] [1, 0, 0] True
12 [ 5.5  3.5  1.3  0.2] [1, 0, 0] True
13 [ 4.9  3.1  1.5  0.1] [1, 0, 0] True
14 [ 4.4  3.   1.3  0.2] [1, 0, 0] True
15 [ 5.1  3.4  1.5  0.2] [1, 0, 0] True
16 [ 5.   3.5  1.3  0.3] [1, 0, 0] True
17 [ 4.5  2.3  1.3  0.3] [1, 0, 0] True
18 [ 4.4  3.2  1.3  0.2] [1, 0, 0] True
19 [ 5.   3.5  1.6  0.6] [1, 0, 0] True
20 [ 5.1  3.8  1.9  0.4] [1, 0, 0] True
21 [ 4.8  3.   1.4  0.3] [1, 0, 0] True
22 [ 5.1  3.8  1.6  0.2] [1, 0, 0] True
23 [ 4.6  3.2  1.4  0.2] [1, 0, 0] True
24 [ 5.3  3.7  1.5  0.2] [1, 0, 0] True
25 [ 5.   3.3  1.4  0.2] [1, 0, 0] True
26 [ 6.6  3.   4.4  1.4] [0, 1, 0] True
27 [ 6.8  2.8  4.8  1.4] [0, 1, 0] True
28 [ 6.7  3.   5.   1.7] [0, 1, 0] True
29 [ 6.   2.9  4.5  1.5] [0, 1, 0] True
30 [ 5.7  2.6  3.5  1. ] [0, 1, 0] True
31 [ 5.5  2.4  3.8  1.1] [0, 1, 0] True
32 [ 5.5  2.4  3.7  1. ] [0, 1, 0] True
33 [ 5.8  2.7  3.9  1.2] [0, 1, 0] True
34 [ 6.   2.7  5.1  1.6] [0, 0, 1] False
35 [ 5.4  3.   4.5  1.5] [0, 1, 0] True
36 [ 6.   3.4  4.5  1.6] [0, 1, 0] True
37 [ 6.7  3.1  4.7  1.5] [0, 1, 0] True
38 [ 6.3  2.3  4.4  1.3] [0, 1, 0] True
39 [ 5.6  3.   4.1  1.3] [0, 1, 0] True
40 [ 5.5  2.5  4.   1.3] [0, 1, 0] True
41 [ 5.5  2.6  4.4  1.2] [0, 1, 0] True
42 [ 6.1  3.   4.6  1.4] [0, 1, 0] True
43 [ 5.8  2.6  4.   1.2] [0, 1, 0] True
44 [ 5.   2.3  3.3  1. ] [0, 1, 0] True
45 [ 5.6  2.7  4.2  1.3] [0, 1, 0] True
46 [ 5.7  3.   4.2  1.2] [0, 1, 0] True
47 [ 5.7  2.9  4.2  1.3] [0, 1, 0] True
48 [ 6.2  2.9  4.3  1.3] [0, 1, 0] True
49 [ 5.1  2.5  3.   1.1] [0, 1, 0] True
50 [ 5.7  2.8  4.1  1.3] [0, 1, 0] True
51 [ 7.2  3.2  6.   1.8] [0, 0, 1] True
52 [ 6.2  2.8  4.8  1.8] [0, 0, 1] True
53 [ 6.1  3.   4.9  1.8] [0, 0, 1] True
54 [ 6.4  2.8  5.6  2.1] [0, 0, 1] True
55 [ 7.2  3.   5.8  1.6] [0, 0, 1] True
56 [ 7.4  2.8  6.1  1.9] [0, 0, 1] True
57 [ 7.9  3.8  6.4  2. ] [0, 1, 0] False
58 [ 6.4  2.8  5.6  2.2] [0, 0, 1] True
59 [ 6.3  2.8  5.1  1.5] [0, 0, 1] True
60 [ 6.1  2.6  5.6  1.4] [0, 0, 1] True
61 [ 7.7  3.   6.1  2.3] [0, 0, 1] True
62 [ 6.3  3.4  5.6  2.4] [0, 0, 1] True
63 [ 6.4  3.1  5.5  1.8] [0, 0, 1] True
64 [ 6.   3.   4.8  1.8] [0, 0, 1] True
65 [ 6.9  3.1  5.4  2.1] [0, 0, 1] True
66 [ 6.7  3.1  5.6  2.4] [0, 0, 1] True
67 [ 6.9  3.1  5.1  2.3] [0, 0, 1] True
68 [ 5.8  2.7  5.1  1.9] [0, 0, 1] True
69 [ 6.8  3.2  5.9  2.3] [0, 0, 1] True
70 [ 6.7  3.3  5.7  2.5] [0, 0, 1] True
71 [ 6.7  3.   5.2  2.3] [0, 0, 1] True
72 [ 6.3  2.5  5.   1.9] [0, 0, 1] True
73 [ 6.5  3.   5.2  2. ] [0, 0, 1] True
74 [ 6.2  3.4  5.4  2.3] [0, 0, 1] True
75 [ 5.9  3.   5.1  1.8] [0, 0, 1] True
------------------ Results ---------------------
Iterations = 500     Learning Rate = 0.100
Error Value = 2.1857
Correctly Predicted = 73     Badly Predicted = 2
