13.9093457407 12.346673903 1
5.7075599408 13.2162176544 1
2.49437964163 10.977087391 0
11.0437260882 8.38910106826 1
4.78552427478 3.15835884565 0
13.6262093313 7.07639548252 1
16.6468549845 15.5265543221 0
11.5146140973 5.70664074717 1
7.42397774764 14.3884756383 1
13.3294706353 17.1517361579 0
2.49494324239 18.7049363272 0
9.41271427235 11.074381532 1
12.3131480201 10.9914975706 1
16.8258883123 10.920482147 0
9.00542711607 13.1604739252 1
8.40475167034 7.04518302375 1
8.35377801964 5.30431060422 1
8.57306614312 3.94752591244 0
8.12662373335 13.9323545349 1
15.2999370689 17.8480684309 0
13.902424856 8.77715312471 1
17.4528017422 19.2415169941 0
5.8701906109 4.41119489358 0
6.71440319101 11.2739949597 1
12.9495366811 14.955970473 1
4.49415005898 9.18980277142 1
10.9288659745 2.27484687627 0
10.3873740189 6.91489291741 1
16.4653387788 10.1346232015 0
14.8625987141 8.15123611711 1
0.79456078415 18.6379619192 0
14.3842240044 7.52142675984 1
12.3444059024 2.2184624608 0
0.65711013902 5.16913645918 0
14.2205757321 15.9342847835 0
3.83996758404 5.97396126552 0
5.59828518623 4.69669799529 0
18.9785056311 14.5343820321 0
11.2227672078 8.38989991341 1
1.47860418139 15.695022024 0
9.733124102 6.11706189747 1
0.666969708999 0.238543267475 0
12.003139179 11.8466205457 1
6.94640423968 8.50842960707 1
12.0833426999 1.38056070116 0
7.60197328964 19.0371567655 0
7.99127069878 8.38309943456 1
13.5179821214 19.3688429812 0
6.12699325656 8.27377853006 1
17.9495026568 13.2353684576 0
16.158462245 11.4767651004 0
14.1418791823 6.71598208478 1
12.71481566 9.80121958769 1
8.78796848813 11.3090967878 1
12.3752853947 12.19939329 1
19.1160285964 10.861925686 0
17.2866803671 16.9653592073 0
2.91332359492 4.63406992579 0
9.12771557027 5.72843272997 1
5.6576204407 12.7568176041 1
11.1756018439 9.45481217579 1
10.8937978963 13.2185965526 1
8.75319796705 7.42183130081 1
3.25165784925 3.1920725695 0
11.8423063569 7.93288551717 1
11.9898383011 5.16929256827 1
3.72937827253 5.30203538436 0
5.89310379394 6.64622646536 1
13.160518578 12.2642847849 1
19.1043933858 18.5088960988 0
15.128797111 15.5300211488 0
6.73086581784 10.110693264 1
14.5481912572 9.16184086072 1
10.0358154488 19.5914907015 0
15.0765350233 0.499436803104 0
5.17603688576 1.64409696752 0
8.15017493561 6.12395406925 1
5.7109107107 11.2685187824 1
10.0411362239 5.41368107704 1
6.62864617832 17.5203268562 0
4.88124218968 10.3911467767 1
1.02683027257 9.18826203552 0
8.27407417974 6.50707839652 1
9.31873044499 15.8292007472 1
0.487584089412 2.25276898324 0
7.77863058376 19.7682014437 0
0.169847319945 15.2802408137 0
14.0990153596 15.9303984308 0
8.40541373169 12.0225802745 1
5.68663076755 15.9807560276 0
15.9832986643 19.5129099753 0
15.4268218912 8.80097106598 1
17.3708706898 0.00738428938553 0
13.0575950423 8.35078357594 1
10.0848709917 5.38009207705 1
19.4263591537 10.5793474499 0
1.41387426658 4.40007091195 0
12.3820530983 13.7233936709 1
13.0755864207 8.42893763066 1
5.29511676966 10.0681921374 1
18.8283559299 8.46234474831 0
4.04320124143 9.8243912034 1
5.3470263428 8.67175730968 1
7.75050332616 9.65672545544 1
0.350100421399 2.73667242113 0
2.41712017103 3.19315058508 0
7.14142629652 12.4526852974 1
5.78780028797 6.73332442318 1
1.93323336694 3.02523103471 0
0.419535257649 5.25623813688 0
13.2353130712 5.86971981018 1
4.71340126755 4.74734900996 0
12.6299352754 11.7159146939 1
8.00127580532 17.571249315 0
4.32702252179 18.9473561529 0
14.3517453781 12.8784398123 1
14.7290211973 13.2125980758 1
6.43056343287 0.534435621879 0
17.4610175197 3.59271166667 0
9.19902764732 2.74354560899 0
10.8323966059 17.6488012245 0
7.91065846104 8.51992992854 1
7.73380858085 6.09326956049 1
16.2727974853 7.11059628986 0
10.1368707533 10.7187261031 1
9.7090454628 4.24654504079 1
9.63740485098 13.9618464179 1
10.3428528168 14.1986218495 1
7.27018421907 18.9027233768 0
4.75113149836 4.13388242711 0
14.0132084961 4.80273841231 0
3.0212727579 17.0571460626 0
1.17417053744 16.385877186 0
8.60418010986 8.17308036535 1
4.5346654392 4.2004875359 0
12.7102816873 12.9684210475 1
1.83348244037 18.5709032303 0
10.9588165692 8.55119971066 1
11.1229825439 8.23330416042 1
0.0334933131829 16.9818844329 0
11.9499074313 9.40555218137 1
11.1329514316 7.57509787232 1
15.1486678076 1.94114828669 0
12.1987361686 5.87626636297 1
2.05286013439 9.73815244279 0
18.4900795245 9.99913754325 0
10.6074607587 12.0752218347 1
12.5720989652 14.7987678942 1
16.9000820125 18.1938474147 0
12.8889166742 10.5003699212 1
13.6145502872 12.2028635114 1
4.33965771186 11.3914663569 1
14.2384525991 12.5203393051 1
8.70086322764 3.44420517017 0
18.6467921423 10.692511969 0
15.4509615815 11.9259623422 1
9.89519381083 8.57455517281 1
16.4335341965 3.38008751026 0
7.0757618018 5.64796270567 1
11.0193457202 7.63685131794 1
3.75409448928 5.89037911747 0
4.7695246436 18.3680482349 0
16.5290673179 4.5195332689 0
13.1579969349 5.95161572851 1
14.4826826212 7.02399567529 1
7.74265763926 10.2274410996 1
14.7566084352 13.072880202 1
4.14322286644 4.73581644811 0
13.01213996 5.97482665691 1
2.93747189401 7.73641616801 0
4.64714207746 14.1963593752 0
2.13237555072 17.2567998671 0
12.2036186062 17.9454028402 0
16.6839252392 15.8073662369 0
7.64256386194 6.60265632123 1
5.71630752239 17.5332451491 0
0.195323373256 14.9122331891 0
14.4892148382 5.61969225839 0
8.24254380904 8.27040875559 1
16.8717409091 7.92682631991 0
18.4076757814 15.5458517618 0
3.60488916971 16.1570639492 0
9.28694350949 13.430458086 1
12.4448350211 11.8620110053 1
12.1666601568 9.25698067406 1
5.55310557963 4.37848614058 0
12.2820194722 5.17613825508 1
8.75944977129 18.0852806942 0
17.9845034618 3.03306305816 0
0.605617552961 0.30654606626 0
9.3349115876 11.2431394638 1
4.98238012372 4.01554224092 0
16.229519935 15.4499065831 0
1.69652445648 9.56547300746 0
2.30341069007 6.30484145722 0
9.95956636818 11.2680277378 1
6.73176430401 4.14320076644 0
12.0047486629 9.8204748138 1
2.81283241443 4.78827690482 0
6.48133910699 12.2016103032 1
0.720777613628 9.13728964329 0
6.05728108896 9.07691980515 1
9.97938514418 8.62964070035 1
12.9064892955 6.70891246219 1
10.308094896 13.572287487 1
13.0593263496 8.53836139475 1
6.60612874291 11.0866667303 1
1.58186870386 19.9868719149 0
15.1302713388 12.2193669055 1
17.3750454713 5.07419885123 0
19.7278006813 2.87605899835 0
16.721589289 17.694410142 0
16.6703497576 8.47901440716 0
10.8520153627 10.8987038799 1
9.81729747136 8.54404604382 1
8.7168279837 7.50524327579 1
7.99921844708 17.4889238994 0
17.2680811944 15.4272203793 0
13.7037016919 9.76696398507 1
7.9550644451 10.2954772663 1
11.2698249278 9.93861418841 1
10.7459278187 16.5237532544 0
11.6957043001 19.0354505888 0
18.2497316494 12.0842413443 0
8.10719144697 12.1146150546 1
14.3349652138 11.7909085527 1
1.48745597439 17.6189025386 0
16.5573281251 16.4764561373 0
3.68154740408 6.98006388231 0
5.50325978512 11.83047928 1
11.5356449468 8.58022052771 1
8.80266667815 13.9405613983 1
19.414896309 2.71702454274 0
6.799242829 13.0167965974 1
11.7268634086 1.30537918971 0
15.268669894 9.29866425419 1
14.4066330523 8.44998184832 1
0.0846824648781 19.6689957267 0
18.6989618643 2.31507731855 0
10.0938570592 15.5080833082 1
11.7719427375 18.3346566119 0
15.224484019 14.6103451387 0
11.4549658753 15.5279904115 1
12.9126547951 5.06423894069 1
6.77291109839 9.7349626089 1
13.1499118832 3.69286414229 0
9.88050311287 8.78335625461 1
13.1651996582 18.9006132952 0
3.41962224864 14.2724072649 0
17.0640429832 0.606092988068 0
5.20724219146 9.90825502474 1
5.50258235334 7.99780513152 1
0.613023825575 17.5816556778 0
7.67091016865 14.0381619267 1
7.46860959712 12.7508047688 1
12.2352513173 5.06407853552 1
9.23538577532 14.5281910796 1
18.9416986344 17.4395755667 0
19.777333061 10.3171063607 0
6.74394880628 10.9899633714 1
15.8891174141 9.89109341512 1
14.7927180385 7.02608727393 1
9.38028625599 4.7465899225 1
5.02932128947 3.35503285933 0
17.047565528 18.1042970331 0
5.98275140135 16.3979965005 0
1.09781904244 3.29741398308 0
3.5710381084 2.31633901491 0
2.32159898389 14.9451087864 0
9.35999833897 11.4439428763 1
14.3921838274 4.29046308882 0
12.6226835555 5.31592725631 1
5.95208121962 11.3439274861 1
18.1073973447 7.94124480334 0
9.5323389576 14.4019052149 1
16.7773947451 3.08108222354 0
1.4992338667 8.99333354091 0
13.2190211028 19.9852592077 0
14.1980400784 9.79952075127 1
10.8937991021 9.61378521384 1
14.9123359456 7.87596487192 1
4.95606809813 12.0812894475 1
13.6324521385 8.14118977419 1
6.70414946037 12.6901533351 1
8.81328845392 7.96453733188 1
19.5319719353 12.9079492658 0
1.07588242782 7.41867850024 0
10.6334977737 13.3481525151 1
10.2980615807 6.32662508466 1
9.29054409512 4.36931251445 1
9.99504311152 8.50514959088 1
10.2746234474 3.01973011363 0
15.7042382659 7.06107098334 0
11.9507236493 11.7769017174 1
11.9143545705 13.0318756635 1
7.22040853236 13.8619710941 1
0.775084767854 11.7491897203 0
12.2602498266 6.08946670868 1
13.4962638158 13.8288584407 1
8.86616321454 9.6321517852 1
4.74083441505 5.23385810523 0
0.174786956303 10.3332827013 0
7.17905557848 13.2606617884 1
6.05741181947 3.9379205652 0
5.04630831579 9.94468467997 1
2.25798110507 6.52848557458 0
4.53704872413 7.56177251338 1
9.37381670905 2.35928408621 0
9.44366960236 1.97919767776 0
6.45394834976 5.17298992045 1
10.2116225735 6.2159037856 1
1.35939990082 11.265322047 0
4.96082573098 14.1625442286 0
1.40736231778 1.89196526473 0
14.3665368898 3.45191798365 0
10.6475299343 14.9870989997 1
17.063693239 9.07014676931 0
5.50487392501 15.1978833113 0
15.0574959273 6.41382422595 0
9.08363839753 4.35720184994 1
5.70542839282 13.7036288705 1
14.8099341663 9.29583421261 1
5.05210125943 19.1787911584 0
11.3224051325 9.08442707704 1
15.7880601194 8.71009002006 1
14.7569954893 9.5393029402 1
18.0474911348 8.30454792523 0
8.04046377808 13.2569790868 1
11.5394220634 0.62306311742 0
4.13763480542 3.73183490425 0
18.8358180877 14.6329454816 0
4.72404321912 4.71492638121 0
13.0558470151 9.88640245921 1
14.477993038 18.2031292348 0
3.42473038892 0.551288865212 0
5.15999956405 5.27693659618 0
12.1554973053 9.27577730391 1
17.8674624805 18.9287582217 0
7.63272081172 5.18896740784 1
15.6594271293 4.57591975734 0
14.4324040541 13.1842683398 1
5.38014641233 12.1068061495 1
11.8253530016 14.8684426891 1
14.7727184072 7.18261120332 1
9.65011980231 16.6701409233 0
11.5934947336 15.801989374 0
0.802200473074 4.50825973944 0
19.8444074967 16.8239337784 0
17.8942634709 1.55444275159 0
1.6659382605 4.25032647993 0
6.22773774704 10.8301276976 1
10.6502593838 11.0698147504 1
6.59609386594 10.3987497198 1
9.94235447146 4.48265400262 1
4.27564803687 14.2374530048 0
8.79904629748 8.51866657957 1
11.2581844505 6.81895644345 1
12.5065002866 10.776306032 1
6.67861774117 11.9556393667 1
6.27995750592 14.9857338293 0
15.2717511798 2.32620033875 0
3.10508304946 14.7414778477 0
19.8350382912 11.444026956 0
7.99383943914 16.6537707265 0
0.762603747119 16.9555969651 0
14.919577787 2.25211041275 0
12.6518916705 11.0440375156 1
14.076751785 11.1119817873 1
9.54562207691 1.63623208157 0
8.88094567197 14.9650246159 1
6.74208549956 16.7478444643 0
10.9484988915 7.15658858233 1
9.36046315466 9.63825895576 1
15.3611731159 19.9074923305 0
11.8377836883 5.03949704848 1
11.0875856789 9.68149909198 1
0.867996662168 14.2297913691 0
2.36748274727 8.40455198332 0
14.4839002246 14.3624965281 0
15.6995411895 14.1782233777 0
0.887874555947 14.7339054109 0
3.01149516899 17.7267455 0
12.9210839149 1.22392016854 0
9.63301546901 10.7646966476 1
12.1944502633 1.32369022426 0
6.01658037413 16.8822612521 0
7.24420672521 11.0489917886 1
15.7123024627 6.32663582376 0
2.37415304278 18.7839948601 0
11.7910989401 9.17963388826 1
0.577116878697 16.7913717019 0
7.10485185966 0.174678096109 0
9.40647014159 13.6544019327 1
19.4795165009 15.2053185071 0
12.8117917776 18.8787040991 0
6.31386093761 13.2803742913 1
2.13954785887 12.7151010126 0
15.6607858179 10.6810920187 1
6.77326177251 9.03349354781 1
7.06685739173 9.2181900465 1
7.38232595224 13.0091337016 1
3.11107245166 1.63058802211 0
15.9508877249 3.17204676451 0
7.27554980026 5.81699117815 1
6.77638041523 6.66305363556 1
17.5366398318 10.9507911336 0
13.8467023535 5.43395153433 1
10.8180339203 8.53767157379 1
16.7789193955 1.7830778271 0
16.6692496519 16.6279461769 0
1.93268970393 4.59277030713 0
10.5919716028 15.5956403298 1
8.90596336113 16.9954640137 0
12.8311654269 4.11190243259 0
16.7579219499 0.308656542981 0
15.7019541692 4.69362505381 0
14.3451352985 2.08506621252 0
4.19115153335 5.90262169521 0
4.79981377354 7.84572785549 1
9.58917983366 12.8889292849 1
3.47933251896 13.9793484261 0
11.7130955859 6.33139526138 1
12.3745247715 11.8430988877 1
8.14593626588 6.29336286073 1
8.46218844139 7.57865897174 1
18.2466133327 1.46589055796 0
0.512102467727 17.2161828256 0
6.65971340223 8.23796210723 1
11.0959803236 4.06027752964 0
19.3562325888 9.30864870048 0
12.5925663834 13.8062432073 1
9.80150729931 7.1423881949 1
17.0909545043 5.60825724263 0
10.7704683018 13.7409616188 1
19.6284049546 17.8837337321 0
13.5456472536 5.52557877067 1
6.97679958732 9.3544192162 1
17.1043304856 13.4956248498 0
14.1479056234 11.6773797459 1
12.5629808047 12.620130322 1
4.81056074055 11.3972938397 1
9.00439401428 15.2776600032 1
11.7208381147 6.44690761742 1
18.7730293191 15.4150715111 0
11.0900301 10.4053716314 1
6.9148332174 2.26761281389 0
13.7430257656 17.5795280539 0
19.632660396 16.8321744152 0
9.09879144964 17.3437619601 0
2.07759708157 6.98030184901 0
9.01488485689 6.46864587098 1
0.0401043953277 16.4233164359 0
4.11105676086 17.13202219 0
13.1843066332 9.12317978191 1
2.16697130858 12.6134249596 0
4.85279487691 1.76388341148 0
18.0689660507 10.9293868783 0
10.2460306887 12.8176004815 1
13.2720013743 8.64150784877 1
5.49091752311 8.18211154407 1
3.48783026339 14.602784988 0
7.12214133609 13.196618714 1
16.3820340623 3.02082603368 0
16.4121553413 17.4190537579 0
17.0005428112 9.45610539114 0
3.69906894272 18.4056816516 0
7.51609982762 12.0495376479 1
10.2712861299 17.4648659904 0
5.00547749298 6.08225237112 0
13.2742786029 11.5519619901 1
5.05749485662 8.46825743559 1
6.54025941857 16.8000871584 0
18.2583469541 18.0699432261 0
6.79195187459 7.66899346699 1
4.80986982248 10.3204592615 1
15.3502148837 0.556859328428 0
15.4989612878 2.03431262608 0
4.44834201588 18.7178752194 0
5.49067490086 16.3275652282 0
14.811805632 5.09611943605 0
7.67066550187 6.51168742946 1
4.05960407783 0.188977081099 0
18.1805181833 5.41879326614 0
12.5832453629 0.234965716576 0
5.97673553037 10.9638192437 1
13.9564985031 8.51614680806 1
6.13088462363 12.5427759613 1
5.20385118552 0.7989945431 0
13.302636801 6.62565498647 1
13.6291290228 6.62528468321 1
17.2679907975 13.0022438654 0
19.121176779 9.00635553932 0
15.0054458686 17.1328956313 0
8.63349602476 7.2875768772 1
8.93190886422 9.93646938515 1
14.9469113926 11.0720772218 1
13.8691843996 11.4755164121 1
6.18345830706 14.1084810348 1
10.9198314567 8.21446176385 1
10.2718816641 16.8127631635 0
12.0753550502 13.5171435661 1
1.23349354292 0.0520574132681 0
18.2842589726 0.625774050311 0
16.249945734 15.0552082817 0
5.74806077888 7.83997155591 1
17.6971556126 4.85844087328 0
10.1976633509 19.8655659062 0
3.4449811164 14.7045015765 0
7.12069519214 13.0416127643 1
17.2431341113 2.77484402494 0
10.4458036739 4.74382715314 1
16.6700541608 8.902105868 0
13.4654223529 15.0182052158 0
10.2811849128 16.0789944564 0
3.51551409402 7.52953053591 0
5.96300311759 17.3854779473 0
15.9827508552 15.576397412 0
11.9520957103 16.4975591132 0
13.294319371 0.00254960150013 0
12.7446867241 14.5641361442 1
17.2477187727 17.8851033617 0
12.8885982138 7.43152492359 1
8.35776223734 19.0778749563 0
8.60673938248 11.5143774592 1
2.45487760845 13.6196984807 0
12.1907054704 4.98250674739 1
19.9535286251 5.03476508752 0
12.736481983 14.4954321772 1
0.277622598591 12.1203745381 0
19.5584110372 0.0551184665728 0
18.2036663345 14.7871451848 0
13.2231301199 4.26956008978 0
3.3868845735 18.0507396322 0
12.3430615604 0.579690190554 0
5.5297143212 11.6537207053 1
16.6013643484 14.2970985192 0
2.18696587972 8.77437702849 0
19.5128888315 2.09906494314 0
8.69785155255 1.53070870284 0
8.90605306778 14.8005358407 1
2.37694722456 7.19809065416 0
11.417931475 2.28284245633 0
5.60155848423 5.5709509191 0
6.9015831598 8.56279047357 1
8.44165869202 5.75183505432 1
12.5032090417 6.88128108914 1
5.26115814899 12.5902481734 1
16.9656738803 14.2855406984 0
1.37627942412 12.8938696583 0
16.3617750935 17.8610869431 0
11.9772375378 12.167126263 1
6.6743205212 14.2626275393 1
19.9885776208 18.2864290608 0
13.1400841707 15.8169630941 0
12.2227697481 15.1731706087 1
17.4689504284 11.6604093588 0
14.4490743268 8.14563943934 1
16.7998018514 8.799438473 0
11.161073815 4.96319388258 1
18.6895577827 2.53659604376 0
13.8075669241 11.6599538767 1
8.05192922949 2.52701874834 0
3.85648708991 17.3877862044 0
18.0471997164 2.10861379579 0
8.20683906305 14.9024557166 1
14.813764337 3.92411854987 0
5.65396094961 8.32485948239 1
18.8591849657 14.6085234057 0
13.8654085861 0.365139694249 0
18.672557295 11.0079813868 0
9.65184182404 8.00414337955 1
9.15671720035 9.43056909414 1
6.22854982787 16.7097809281 0
14.3253309872 14.5390493005 0
3.02403809769 15.6812981029 0
6.85847902831 14.4450234623 1
10.2264101707 13.7773524932 1
14.9086926548 6.98295460358 1
4.12353460858 10.6962991351 1
7.40454039871 9.43380425096 1
19.5955150257 11.6721994893 0
7.04926383013 11.1059400159 1
12.2700424075 13.0043150817 1
8.26604373553 0.470187811066 0
3.85830510777 3.4329774418 0
13.4199415936 6.61852800892 1
19.5524725955 6.56216675247 0
9.28916358162 11.1625730007 1
8.91367246002 6.97008698178 1
5.63094956964 6.84179846768 1
11.82840733 4.67056491798 1
1.00757510557 17.5329094299 0
7.30060978536 6.76752821646 1
13.692971971 6.62295704086 1
17.4910794127 18.232351188 0
7.50833835188 13.2411619448 1
9.81019914021 12.3627111256 1
10.7272562731 4.19161153032 1
0.96892366447 4.97336680901 0
11.3077945952 13.4408576716 1
9.39268057226 0.834182754906 0
7.56772027653 16.8337536009 0
0.195212227121 4.38822806006 0
18.2727583306 4.21700081071 0
4.5224404245 8.25558978505 1
11.802802698 9.54650168046 1
13.2902763599 10.9531020212 1
9.60056432962 3.36022326723 0
0.408916298278 14.3998439287 0
9.68237833738 13.7034140948 1
8.35058746861 4.5541833226 1
11.254550245 16.4358043472 0
5.31231817668 17.90571195 0
9.95964223591 9.84275932487 1
11.083995575 9.66072100212 1
16.3749248824 16.4810427062 0
4.54514231915 8.93398666243 1
2.23479290084 18.486417984 0
16.1564762988 18.1412255214 0
14.3159153255 2.02646040455 0
7.72218853184 0.711022729073 0
16.845487856 7.04189512426 0
13.4081680208 17.1252965628 0
17.1451154869 0.39670726762 0
15.6247899393 19.8546886098 0
9.35327425323 1.94937388114 0
17.9051815934 9.08055273343 0
3.45555127556 16.1690547295 0
8.19747662261 4.5851751296 1
18.7945741871 16.9538023951 0
10.957144543 6.06758474699 1
18.2568908133 6.31484841008 0
14.3540150156 12.3051222719 1
7.43066469762 11.2617619961 1
1.4906046488 16.0397725134 0
9.85432280811 12.7120086795 1
13.7026387723 19.9442464791 0
14.3816994368 9.95075570325 1
1.03729897654 15.5064479733 0
17.996878091 4.79996600611 0
19.6782796477 9.58869495845 0
11.6797570961 19.987785357 0
6.50906472703 9.24303176425 1
11.3072753458 9.63366723288 1
7.24898892423 9.28554397408 1
10.9069926901 17.216788342 0
1.53049454162 0.133305951596 0
16.5619677825 12.4289514992 0
8.79282027182 1.19178160934 0
1.46307360035 8.37060701146 0
13.4569628346 9.79163124508 1
12.9812625049 7.84463314155 1
13.8585410062 19.3959243652 0
14.8749993791 11.6376993244 1
17.4170355984 18.8170408932 0
13.5631461153 17.4616132733 0
1.19631155322 15.4204285566 0
14.5465078229 3.1200326366 0
17.4567190756 15.7253445937 0
11.981195018 14.2544571282 1
13.4336042619 8.64928231102 1
11.4794418763 6.61089387845 1
14.2121723952 12.7570641193 1
19.483942336 2.92807253527 0
11.4929391736 18.6003878255 0
9.24212862261 1.03989551271 0
6.83200324808 3.05440593753 0
16.0659502719 16.9473486437 0
9.54910295591 6.42900518032 1
0.921589781165 10.8824772475 0
11.5571140187 14.8483182591 1
14.1021693969 6.10954892863 1
5.47581195711 16.1703670873 0
14.9928505713 12.8239623398 1
5.41980412454 12.3400898294 1
8.72903204815 6.6411846929 1
14.3867589044 6.00678293786 1
8.61390272439 10.4909999734 1
14.2511413341 4.39500538878 0
2.0254533247 7.95311427575 0
19.2130396153 2.87247184811 0
8.39742430206 2.57934782191 0
13.4186640145 4.39573218901 0
13.6106859901 7.85239413241 1
9.47533382161 13.6562361229 1
13.5317508266 3.23583050553 0
6.56561694986 13.5069477822 1
7.55930803097 3.79931344949 0
11.5362968864 5.18343221974 1
17.2065933958 11.4122376666 0
10.5683534669 14.3085691897 1
5.4928162614 9.79368412861 1
3.41774257821 12.5406127309 0
17.5967878178 14.8412022599 0
6.21933674596 14.1212849508 1
9.94920949384 18.1885809989 0
9.78463635181 7.87278760179 1
1.35197229084 2.50649849805 0
11.7731549144 12.3172787891 1
7.21076601059 12.6030553575 1
8.8124448756 7.04508934672 1
7.67411540392 7.78803708717 1
13.3025248559 10.6477239372 1
12.5956817563 18.4364513607 0
18.8199052122 6.82395619931 0
8.03308687377 1.67943864725 0
3.49075301395 18.4940099573 0
19.8555935068 6.14690942111 0
7.11622253519 12.6010138021 1
19.371179511 6.19461450428 0
2.89762169777 10.2833305124 0
14.8270168305 17.5936658931 0
6.49657049769 19.6588188224 0
1.46358626861 12.3417177883 0
16.7816523248 17.8037928636 0
17.2558925236 15.7788402513 0
18.2115997643 0.99114891003 0
7.96689843504 13.0050041381 1
1.6293514366 17.5610709264 0
17.5988992064 14.239950021 0
12.4160342398 4.89850659826 1
8.47731911035 14.3980859864 1
9.43611100682 5.05572353534 1
10.6656528166 8.9269375099 1
1.14022951761 15.522701556 0
7.09883513739 10.8914758468 1
15.0921107296 14.7733246963 0
19.4954806142 4.71054669186 0
6.01271304199 2.68332589532 0
8.58586951706 0.10398061661 0
6.00554915746 16.4381027325 0
8.55994782073 11.5407898889 1
6.06473132631 0.174486222287 0
5.34435927736 7.17113163805 1
13.4047549335 2.39959975864 0
14.7582465499 13.0862176137 1
15.429325367 19.0226484264 0
5.11046485879 4.71003025988 0
2.53042487271 18.1500229296 0
13.6642202797 5.41267457223 1
7.03481379707 8.45921385569 1
4.65920097566 10.0859198152 1
12.9289040899 11.0855247449 1
0.779474814188 10.8371181381 0
11.6942830353 15.4699730974 1
10.9941126727 1.96806080907 0
4.01586182996 0.91606507163 0
9.53608336671 17.3020851164 0
12.7347014224 9.25144819235 1
16.5788579312 11.5203989235 0
4.98871487881 3.49594586899 0
18.8057010525 3.61814251548 0
16.9996874316 7.49931564989 0
4.38469138157 6.98691642558 0
12.8140629327 10.6120579781 1
7.80342886459 12.171674894 1
3.4870981794 2.12300197009 0
7.36153571098 8.60355951072 1
10.0319896438 11.4660266236 1
10.7599987117 13.4568772733 1
1.29266326671 12.7180019441 0
19.4967799548 3.24407046446 0
5.50120346767 12.4304398811 1
9.88047296862 12.4239939159 1
12.6828275985 15.0000085399 1
12.0473446605 0.46879369643 0
17.7111674472 6.60230554031 0
12.5910411019 6.14674567487 1
6.24565962405 14.4584156795 1
8.49215456966 11.4788357436 1
6.14449301355 5.6205089573 1
12.9920353508 10.5902786863 1
13.1772784036 12.5188416471 1
14.8765951545 13.4369666943 1
16.7750141448 5.69335490638 0
9.26361553318 12.1854865756 1
8.91729645937 14.4388035025 1
7.4348445892 3.59078898991 0
11.0871437994 10.1516472895 1
19.1471286139 15.5096729464 0
17.7011850528 19.8534611525 0
6.14058276473 2.97284111395 0
13.6195430307 14.2849637441 1
7.91984020861 16.9450388077 0
13.1302327579 16.9095068712 0
7.94358227633 9.34107274183 1
6.90256460839 9.43479450602 1
16.200219692 17.9086542987 0
7.91520325716 14.2447810294 1
17.7477994851 19.4163577543 0
11.9046863541 11.8259866894 1
12.6654942858 18.2706536303 0
16.8228523458 19.0435002845 0
13.5866396397 9.53768632472 1
19.554744041 5.15551694917 0
15.741018367 10.54782725 1
4.99734831299 13.5733099666 0
9.58515695039 18.3621688814 0
11.6592035315 7.93643219824 1
18.9580431692 4.75970815306 0
7.2037525368 14.4272786684 1
6.62569535428 14.2440341951 1
11.0269629733 2.38368604451 0
12.1835820857 13.2526590467 1
8.50612499184 1.43155815984 0
18.534477699 18.0660394549 0
9.42390481856 8.07217233711 1
12.8003235073 5.10422675095 1
19.0186039518 4.69115645462 0
3.68595187204 18.7369112797 0
0.543914481616 18.9119877808 0
8.56233829873 13.1340494793 1
11.3247367442 17.077161399 0
11.5120288804 7.14031867442 1
11.7703477679 5.95240328452 1
12.073462428 8.04180731641 1
18.191147018 11.9619970854 0
6.90531922747 14.2921061879 1
3.89474054973 19.5160143734 0
2.53456013174 4.57230060823 0
8.2856742275 7.04996310601 1
8.12709376668 7.24005063809 1
18.2872313025 10.5348842909 0
12.8515789521 8.18265465309 1
10.9027617865 6.70110879322 1
13.5433593903 2.11709028057 0
7.97388519982 3.43825462882 0
0.657593428811 19.2892302633 0
0.402625705139 9.70596806495 0
10.6485955247 9.20334323898 1
11.3987879876 13.7525411888 1
11.4774475931 15.0842488873 1
17.8004343058 8.54295145658 0
9.70852902762 5.87485468378 1
5.09441480144 5.45170442026 0
2.1491743006 3.96790502213 0
16.3618031766 11.5640251445 0
17.3954378995 6.46271653004 0
19.292583442 14.9946735166 0
7.73423277767 19.2209589958 0
11.8869153746 4.49754051301 1
12.7276047136 13.7980112853 1
12.9609883627 14.7610022119 1
8.328637032 3.07786193743 0
8.23267207431 14.1628421492 1
15.4322330044 17.6950904884 0
5.89200418697 15.3248619067 0
0.328809699709 2.48737553576 0
15.4080968357 6.55734188358 0
9.11816443711 6.8843670155 1
0.985007114392 14.9610524797 0
10.4447917629 9.02745874312 1
15.0808101058 0.851501817943 0
17.273556081 13.4964698424 0
6.42514261126 13.288159401 1
10.4251417782 13.1469594823 1
19.5888936739 10.0173356445 0
15.2263141898 10.2545021514 1
9.21449803935 12.2198206404 1
6.36723392072 10.1003860863 1
5.7277003996 9.7999540937 1
13.755338818 19.8505528537 0
14.8796884398 13.0797987614 1
18.9306713487 1.55626112626 0
12.6590332365 13.8971933999 1
14.3239313356 7.78283787623 1
12.0308051032 10.745399051 1
5.19269392836 6.64945260912 1
2.15191550506 3.93145361566 0
6.76874856623 10.0302492996 1
5.86516012575 16.969338584 0
16.2892788299 9.82563368253 0
8.40912596525 14.2986933707 1
17.1873682108 14.6183738737 0
14.9673752256 7.56670157858 1
6.11376202401 2.45034174656 0
8.26444245275 17.1269210738 0
19.7007414885 10.6843129949 0
19.5860160808 6.25967315023 0
14.4306807681 1.2104328571 0
6.75797687971 2.29769374716 0
1.3468052665 19.3391344908 0
16.0317427729 7.04721661105 0
8.47905194303 6.38086575836 1
7.99131162931 8.17066220797 1
14.8987364635 6.78669519347 1
7.10879370412 8.66227921309 1
6.75531959411 17.0269487545 0
13.2511078233 7.15226959622 1
9.49250968233 18.2231856596 0
6.08629505228 9.83504457441 1
13.3604528235 10.3611810033 1
19.2856969204 19.4599515428 0
18.4447364716 9.37135287275 0
15.0832231741 18.083877804 0
14.8951042094 11.3635089708 1
19.0820726776 10.6633410592 0
6.84810958963 12.948718806 1
18.0923230956 16.0418474834 0
13.1059012048 15.027472467 1
9.81658919321 9.50615067436 1
11.3591379541 11.8112729877 1
8.59166651754 15.7039661768 1
2.38891079399 8.40830836603 0
18.0583337258 4.78000988843 0
9.12077535687 2.53687344978 0
11.49589598 1.05045324913 0
11.0333092947 12.9868424945 1
6.35348330848 13.7975341523 1
4.77008995399 14.9720368768 0
7.10198616347 12.6112387938 1
5.24525872038 17.4616249939 0
12.2675711414 14.3882489083 1
1.38317629369 19.1120956515 0
8.22437038551 6.55432207734 1
17.7931590249 16.4203478849 0
7.71738527998 19.0808410944 0
5.84668870834 15.542899429 0
17.1101067965 19.4019744706 0
0.485311074578 2.30987958279 0
8.18295399022 11.9759140735 1
12.0058074274 8.04958635694 1
0.264300917146 6.8622293732 0
12.7193921182 8.16675143335 1
11.4610135677 12.2741570549 1
18.4026320983 1.69199345262 0
12.5204069514 17.7447516418 0
7.21721460518 9.36077376346 1
8.03772728361 10.7035118017 1
7.75298061288 12.0452560057 1
10.0484990955 18.5781245964 0
12.0687985347 17.8211944802 0
12.6126540583 10.4260757711 1
13.0489595058 9.16562516592 1
4.84005535561 5.41433266052 0
7.8297306559 15.8339965154 0
9.48447968159 8.22672745655 1
13.3005370203 13.3339841575 1
14.6828728119 6.40226717815 1
17.4576970974 8.2518618666 0
4.70723593642 6.66341095094 0
14.2574971192 19.6635907136 0
8.22828997495 15.2049275483 1
2.80565852343 8.0880922163 0
7.23238991333 13.4997563366 1
4.34463493702 9.1864503075 1
11.2879154082 4.8421070147 1
3.82712459021 15.8183648057 0
19.4325118831 3.12405434359 0
6.69881538941 13.2353973898 1
15.2041961194 2.1622065976 0
9.10553544491 13.3714863284 1
6.79089202157 15.0306140607 1
5.20705060994 14.9106608186 0
7.14003008909 10.7871769164 1
7.67822788503 13.7494912487 1
9.89800404585 13.2169366394 1
5.92036393774 1.90865422229 0
14.4502831601 3.86644991147 0
4.91408803464 10.8849210097 1
13.5670564252 17.7914762942 0
8.3387104569 11.3436772 1
10.0510160153 12.3540008024 1
5.92326027171 15.000847806 0
6.27810443832 7.61460726101 1
4.32036751614 12.4239390282 0
19.0030169731 12.5323539698 0
12.7904504435 9.85320858007 1
17.5958332829 3.9676343348 0
9.24922732772 5.68634250248 1
10.5791630611 11.974438532 1
14.9077603251 8.30010692813 1
19.0369751934 1.57992033453 0
10.5470120867 7.35795135105 1
13.919251319 12.7960334184 1
9.61311570404 11.2203560842 1
1.268145404 7.57281106933 0
12.3101633309 16.2485658532 0
19.5023917838 11.6892934864 0
15.4342907033 17.451763487 0
12.9394780376 13.0062990882 1
9.28481979645 11.6202036211 1
14.8090393875 17.6099095098 0
10.6694216442 12.4480841683 1
14.9896938849 12.9153956178 1
10.5227726997 9.08605876343 1
16.7832553034 18.5887807787 0
5.51403292193 13.5539816786 1
13.4157251257 10.7444562538 1
11.6242230934 15.6646633264 1
7.25416948057 8.7334909045 1
8.85375423269 11.6495075051 1
11.0784390038 10.9604144854 1
10.7977093699 7.33098774704 1
13.1025288493 6.11783746981 1
9.57023476567 11.1006775243 1
11.0883485891 14.0832098843 1
7.59351969513 11.5771120291 1
13.5053403682 18.94020525 0
15.7848049604 19.352611925 0
13.6105148893 15.2921440032 0
12.1705584954 10.2919980226 1
10.1513427503 7.19174833224 1
5.97551781872 13.3259437122 1
13.1783563488 5.08953368504 1
11.9123198065 17.8152700306 0
11.7484711774 18.955989192 0
8.172009118 16.9405731431 0
0.0566355156367 1.2907043831 0
13.7924550773 9.71142890814 1
12.9010272153 15.3073979721 0
3.43936343642 12.6762642185 0
9.43598067602 17.7570465129 0
2.18539632987 4.31823737782 0
14.4677825895 18.6049282241 0
15.0939502881 17.5132442483 0
1.62271205827 4.97510411773 0
16.7908496887 16.4299734982 0
1.7151733325 19.5410994327 0
16.1017662662 9.57039880664 0
12.9790791303 15.6499066758 0
6.0113199963 7.23633155208 1
13.6072017626 14.7568536561 1
6.87596746472 7.50724662163 1
10.8997298281 11.9113176019 1
5.93272654508 7.16976804691 1
1.4159870683 19.4408105259 0
16.5378156122 11.2735405431 0
10.7382584211 11.54469846 1
7.12545521982 11.1458937095 1
13.6853452902 8.46408196561 1
19.8470507463 7.3537246911 0
10.624956963 4.55028461403 1
11.8039312694 7.06650765338 1
15.7262536106 12.9523080116 0
6.50703685162 14.1180868536 1
1.41124957069 10.3578252243 0
9.50804424638 19.0683813566 0
16.9748184419 1.28706124127 0
1.38292801896 1.60079488208 0
7.61524163292 7.04643926574 1
17.7223779689 12.8829820163 0
9.14963576296 4.15519773449 1
13.5182182643 7.54487390308 1
12.8083143092 11.5326715903 1
10.764382989 9.89365907888 1
13.2926526965 9.74689363402 1
10.9743053256 7.95641838553 1
15.6000759205 8.0335051409 1
1.96275572155 18.1733107848 0
15.3020833233 9.83437413662 1
16.8272612029 19.1673514282 0
8.85916737959 5.42731520009 1
8.21780983254 2.11006166086 0
8.12611245259 9.66142181594 1
14.1727885286 16.0668083211 0
13.2089020707 11.6227760624 1
12.8271917269 12.8078476021 1
10.5484256095 1.30270260247 0
9.15762665159 15.5051470328 1
13.1952118179 7.89126077152 1
10.1995438821 5.54544959895 1
2.06187249457 7.16077423986 0
14.9330393696 12.607867824 1
6.59230180284 15.9581383082 0
16.9245531208 2.15342932265 0
14.0868009446 18.7885063412 0
10.5736526422 10.8697485688 1
6.5978714618 7.74514508568 1
4.35806438526 1.22910145429 0
8.87222482649 10.5595755859 1
2.13017466264 14.3748283949 0
13.8036559189 12.4387293837 1
2.05310838517 3.29782363344 0
16.9131378706 18.2247179072 0
19.3843747229 8.05090293499 0
5.44297559572 15.4521027579 0
6.89696305475 10.8505649705 1
13.4866985825 19.3962362775 0
12.1983042024 7.27296044953 1
4.49862570743 8.16571456925 1
8.87115605445 18.2404899667 0
10.7777098417 6.07510031009 1
18.8443507264 18.7887508014 0
12.2899093741 12.9289598834 1
11.8437347095 15.2558020107 1
2.39849680042 4.41277646797 0
7.60685028838 4.60357893698 1
11.7362083131 12.9219174995 1
6.45602004568 11.2372846409 1
14.1645706209 8.94493439962 1
4.42603288248 0.294060730416 0
15.5162607015 15.2323236576 0
15.4864115481 6.88770803739 0
7.41334253041 15.2511592846 1
5.51892100942 0.801117233644 0
17.3153889567 1.36366450067 0
8.93018420192 9.91447611474 1
4.45864373528 1.70886290512 0
13.5412303573 19.5729776404 0
4.45344426117 5.08085883242 0
12.4022964013 7.43600517963 1
9.94678945819 12.3564791483 1
4.04601379693 7.71555000985 0
15.2663733925 7.67798528276 1
4.18930181712 4.94355942343 0
8.36551870927 4.99260124287 1
12.0766646618 16.7885184569 0
15.9772010129 16.1602517322 0
6.16662168826 19.2701232615 0
19.5734029839 3.64227281351 0
2.20532172427 8.56101857853 0
16.050063525 5.87719028605 0
1.04686826626 19.1308107368 0
18.5023264253 12.9899597575 0
7.78759487497 2.52543829065 0
7.38292862961 16.9466153527 0
7.49234736836 5.06440293825 1
4.07855989709 5.90779831011 0
5.37576707732 8.97432208306 1
12.7001400721 9.36798761577 1
5.8130539217 7.92731256288 1
16.0214865534 19.030508427 0
13.7460796631 11.6364210674 1
10.5167483942 7.55443252598 1
9.07590075789 14.9610863539 1
5.9824515673 7.82580772813 1
10.7695016132 10.6645078958 1
16.7587046564 4.62179997847 0
11.9318852423 14.7441794147 1
19.8014518846 10.3238851813 0
9.28832823111 9.85101737255 1
12.0052570977 4.46787963551 1
6.90121768115 15.2604657087 0
6.74150748827 12.044926704 1
15.6952505274 17.0213624101 0
14.6148713902 16.7345606194 0
10.7987319086 5.04707616529 1
11.4458533435 10.1441186758 1
5.72389875899 8.47730733829 1
14.924924103 1.35740699649 0
13.1345232051 6.2100862957 1
12.395118427 4.24398537498 0
8.33893866305 17.5054428985 0
15.1970001829 9.1916996283 1
2.20411415373 13.8204453287 0
2.36310095552 4.36868064149 0
1.62414718721 1.66765462893 0
16.1160340529 6.8724625488 0
10.4615746737 2.64520977028 0
10.9149338668 11.2022671936 1
15.1354138052 14.5491275939 0
13.9280991181 14.3274989798 1
13.2655548371 11.5224659185 1
14.3997150157 18.2412324929 0
0.332873233985 6.74249171225 0
0.739923024462 7.93251060303 0
17.228888904 5.97631261755 0
19.3250888858 9.45698971959 0
9.33322138639 7.38719522006 1
7.76300421625 9.27222811313 1
4.6917623949 8.06252837004 1
7.96388702192 8.04932539921 1
3.93683126622 17.0987651304 0
8.75440225738 4.5512991218 1
4.26325200942 15.9327155226 0
5.26267504835 18.1553032147 0
11.5341399318 7.57500445389 1
8.97114613092 12.0201906733 1
13.7970070271 11.5999283391 1
13.2366196104 9.79967804188 1
9.36777049748 4.75526029024 1
9.3313371365 9.93883570776 1
11.2906514126 11.4908687082 1
9.16478773472 9.6343051823 1
1.56317625381 18.3190350406 0
10.4447449156 11.1890368186 1
5.55019308054 4.00210884501 0
5.69146274821 4.56481130075 0
16.3989069575 4.92264452834 0
12.8267093972 2.63323605482 0
13.9089246929 10.8164272655 1
8.1752248869 11.1257279924 1
8.10489783213 15.6193492067 1
9.69085479671 16.4824250727 0
15.0157545301 9.27794222347 1
13.9588712887 10.3029001469 1
13.3183467003 19.8450404956 0
8.06419762934 5.05764753395 1
17.4390664007 3.9486715067 0
12.0585575061 14.3149206907 1
3.21938799353 19.0967188502 0
6.04419691977 6.03682010283 1
1.84985454897 1.29296147173 0
12.8473079221 5.22147399596 1
13.7167313047 2.57541187078 0
12.5713421846 6.59540509471 1
5.73131642993 6.49785898397 1
11.1731256126 1.20531441172 0
12.7945080039 15.156793973 1
9.04953321791 19.4669851542 0
13.671506689 15.4421307856 0
9.98443332998 4.02216704845 1
10.6383886034 5.92121016892 1
10.7491395122 5.74022271535 1
6.03864043127 14.0913156526 1
13.222009051 8.00613487031 1
12.2488305566 18.2663883117 0
8.20368376866 9.90163243521 1
8.65604686372 12.9985480656 1
3.26061465544 14.2941071177 0
11.0808337013 12.6584917314 1
6.21047899208 3.62205287609 0
15.038586569 8.36194484658 1
13.1672529644 7.3777984204 1
16.3843702048 18.7183016559 0
12.1906260029 9.48705807351 1
9.12762884476 9.52769983808 1
14.3817386501 13.0673026473 1
17.0152634391 11.238984267 0
5.54518494467 12.2529078337 1
7.35682456215 13.6398824997 1
17.5833119258 12.3502177929 0
18.3087783977 16.8856006882 0
0.304414291839 4.79967860241 0
5.48069934728 11.6428899877 1
0.689347657458 15.4378023846 0
8.83235265583 5.8750695369 1
12.4716577252 1.29174384538 0
15.2718511744 10.9428785209 1
0.0081494066798 17.91556663 0
6.61790660753 11.7927038198 1
12.1146725367 3.92261682318 0
1.84888177357 3.86427292252 0
14.7930851035 12.1763691731 1
7.56064396143 6.11619188463 1
0.57524219448 15.182170068 0
11.0089262946 17.9013380271 0
17.5409152993 6.95932364907 0
5.43144557706 9.39939701885 1
18.437674159 8.21613151243 0
7.24961991964 13.6514684848 1
14.8114578558 19.700460936 0
6.67093300213 14.2141068194 1
14.4473285675 9.23642508914 1
7.50532023404 6.5580253506 1
0.111372811183 15.5076512762 0
12.2963674437 5.82041936259 1
11.9101116576 14.3884753155 1
12.9526508141 5.21438424392 1
14.8591539687 19.1708430262 0
14.1465117395 9.80747405776 1
16.3726124972 7.06040841004 0
1.8402343926 17.3529608586 0
17.9456652173 5.16631781944 0
7.45571612027 9.27411335258 1
9.6466734868 4.44174707138 1
10.241210274 14.6653292384 1
7.74620114726 17.4413198958 0
12.5143336842 2.26669825907 0
1.88804252705 13.617821307 0
15.3304526449 14.0398227731 0
6.76624333155 10.7577178966 1
2.35287457696 13.6447079627 0
6.9559126245 8.49410999294 1
3.40586372979 1.49305424513 0
8.80929688274 9.06871387319 1
4.95084863091 2.47742988057 0
9.28470288756 11.0749414717 1
12.5417752851 19.8823107618 0
2.83826450398 19.0714502302 0
14.773429478 9.0571064639 1
17.3979028409 19.8525654634 0
12.686125697 14.4116423922 1
11.0847693825 11.0845943615 1
19.7152205915 16.7025201075 0
10.9557881888 7.23175920609 1
7.98174671958 13.4198896 1
0.454863778455 6.17215686744 0
10.535329706 19.6206178998 0
3.00018020441 15.2066617832 0
6.06390028204 8.56521574063 1
9.58503022859 16.5679659635 0
8.6467417568 6.25726554241 1
2.72107251972 1.9951098053 0
4.9427839446 18.918554459 0
13.4167564362 10.0163810113 1
15.269808882 11.7054537276 1
5.74359809886 8.44464281846 1
8.51622277501 9.62181266596 1
1.38391021706 16.5655994414 0
5.2163702456 8.68405521295 1
13.3592266754 13.848889372 1
2.87570529256 5.87060432156 0
9.4581996016 4.50841561638 1
12.6187070863 13.2847774973 1
6.23289829061 5.6681447165 1
14.0182207057 0.57762709024 0
14.5438736343 11.8350246114 1
13.8069843101 11.2841268737 1
5.80034955325 4.1226829949 0
12.0976450372 12.5287494667 1
16.1757482476 4.8031132666 0
8.27433996674 5.66889142692 1
18.2965791573 0.358034486219 0
7.20106111505 10.0775125134 1
19.1118026542 17.9592117183 0
9.30318441168 5.91976708106 1
7.637182738 16.0276638758 0
10.6748972216 13.9818010113 1
0.795496873609 9.21842138479 0
14.2890661709 5.92849267536 1
3.48219548205 11.5702888802 0
18.545038274 4.29188430262 0
11.4507215318 4.27020779458 1
14.2066749335 3.05087591056 0
11.5805612843 15.6510628543 1
12.5811406066 17.9870735436 0
15.2138092198 12.3559116202 1
1.10979818509 19.7956870605 0
7.17994100722 4.12020140378 0
14.3414268286 11.582330282 1
7.10487270604 8.5452313112 1
6.85504250251 3.18841976501 0
7.1157301133 10.7773536637 1
9.39834583287 6.90769428336 1
11.5444188878 13.530678782 1
0.744275569641 2.32757947183 0
13.6951180491 12.9235317576 1
2.96588716247 18.0343504104 0
5.75343213848 7.70240896582 1
10.0792866237 12.3355302847 1
13.234384827 6.70471394926 1
14.1260449206 8.16700560944 1
7.56083667666 15.5108806138 0
11.7450626865 5.90711156748 1
5.20627563692 8.44133781837 1
8.61907386377 1.51862177559 0
13.5980437728 7.37838924236 1
1.11052239582 11.4319573997 0
11.2888132774 5.95516671633 1
6.5015847458 11.916178334 1
3.14819617086 19.0197868478 0
15.5683832436 7.71759072396 0
17.4861444154 4.89363852484 0
10.3653709127 8.82577605452 1
10.0498848102 1.42467477239 0
6.56021536628 4.42418023849 0
7.29436362216 14.5433397474 1
10.4582953669 3.44182388473 0
8.0271389589 11.407786202 1
3.24264342641 11.3934406667 0
2.44715864379 3.12528137199 0
14.0795031496 0.0224260675734 0
8.28530071091 8.79051863218 1
12.152334373 15.0077704608 1
8.07914065048 17.7669626965 0
9.83024608575 6.23777278162 1
10.1790389199 10.6696233404 1
6.9244837793 4.3167662866 0
1.21969537984 8.83760991379 0
1.24526992716 1.91183625102 0
19.4221138536 14.4273450302 0
11.012190162 12.5273850773 1
7.17430609789 12.7492650952 1
16.1766803154 14.2111059848 0
6.53666150828 12.6409582783 1
11.1997571256 7.42683923462 1
6.7080058671 6.82555560552 1
2.8895385867 17.8806180848 0
13.4291292893 7.95329685603 1
8.13008592042 17.8814275453 0
18.0173864105 2.21534469932 0
2.50177119549 12.9017183923 0
15.8703503857 13.3017017635 0
7.25969476433 16.4563341442 0
7.03556747447 14.3858476184 1
7.94265180174 13.885981831 1
11.7471835122 11.2445254645 1
7.39483906971 6.32954950876 1
4.59761871388 3.66804583407 0
5.60061435019 9.53436260757 1
13.5045385163 6.29661283454 1
4.28338292603 10.0925998332 1
9.06288559037 10.8720642803 1
7.18882652892 10.5962774489 1
1.59287546981 1.13675305703 0
11.4968843378 5.16415920715 1
6.67832277804 7.05593358994 1
10.728359828 14.9689854213 1
7.09362559588 11.9468432585 1
10.8373913875 19.2608678225 0
11.9711771842 10.547061237 1
1.2405439733 8.2948009659 0
12.1482171405 0.912676502118 0
11.5672491001 9.99663860257 1
14.0505840699 0.852291694634 0
8.62816857541 13.0950787296 1
14.8592586793 5.45358250623 0
4.61378676524 2.01961372407 0
11.8411846483 10.2249662167 1
11.9095226928 13.2463226975 1
12.0074908192 12.8844144727 1
12.4377665933 1.67487884284 0
17.3889656639 6.69406605926 0
10.8533182254 12.2066824437 1
13.0951057149 13.8881851458 1
14.5777341571 7.38200318659 1
7.00710637744 11.6580660989 1
19.6050988711 10.8068905199 0
16.5943448983 19.466322118 0
15.3725551079 9.6555363947 1
14.4096894948 11.2092496793 1
2.44256612306 9.91727113901 0
5.991900005 14.1207627784 1
0.528056755582 8.27801282665 0
2.14776744914 5.60784545897 0
11.6253888517 11.318612455 1
0.126077283178 18.7087320455 0
7.76967771942 4.74369632798 1
13.6894795269 11.0003640687 1
0.413906496866 5.74784768738 0
8.55886058822 7.46836648824 1
4.9548419443 11.0664853427 1
16.6515995348 19.738830266 0
11.0104710426 6.15051178212 1
8.14635956674 5.31987246117 1
11.3159598488 6.53123366183 1
6.22537464451 16.3725267652 0
16.8679221198 4.00813923905 0
12.3632427246 10.0033133363 1
8.28160228255 3.85202115211 0
1.98406068982 0.0543930316577 0
2.59116244844 14.0988763985 0
5.3466841744 4.27077012632 0
8.60827402076 6.87657367141 1
6.19747294032 10.3365166646 1
19.6850914103 12.7996275355 0
2.07096498889 13.1382187923 0
19.0879582225 11.0704298412 0
11.5180909623 14.1704934363 1
16.217216839 17.891587792 0
5.08668454053 16.6915858233 0
3.53287179369 16.2836934413 0
1.44084197696 3.74455015576 0
5.9925602077 14.0310730378 1
17.135789018 15.5385116504 0
13.683129788 9.54330087422 1
6.50817075764 7.89291991907 1
2.05307639436 16.5774199928 0
5.15564299521 10.1827758952 1
15.9663188622 14.3030329356 0
14.3926233563 7.58912854069 1
3.35199841589 9.5755014824 0
3.43565838261 5.63518217269 0
7.73100253314 5.69219950984 1
2.39570470634 2.86727240546 0
4.49300641869 8.31900086205 1
14.172444666 13.8536697272 1
12.6873146066 12.5557781654 1
2.3501443665 10.1070983375 0
11.4425557836 0.988594036067 0
11.0769735413 10.6448495071 1
14.6742573082 13.067323361 1
8.3271901756 5.68886977559 1
14.0570042813 5.74394708168 1
12.0374698375 13.535182989 1
10.7597469532 15.3642605739 1
2.62497806613 14.4394942364 0
14.4481180682 11.8195814571 1
8.38600895424 5.30209042511 1
9.62323148008 10.6590787386 1
5.99495109417 15.1160004958 0
7.85839421946 6.24855783428 1
9.64856717658 5.28954120887 1
19.7161637891 6.55807057892 0
3.27975786124 8.40347208804 0
19.4590169011 17.9756775442 0
13.2201853861 4.66349668482 0
13.8437930854 11.3754291726 1
13.5182538674 18.8185815782 0
18.0645788247 9.6534628956 0
1.46316424865 18.1900788386 0
12.2595009101 6.45714405434 1
10.6441773368 7.7756079014 1
14.578481332 11.3379285613 1
0.109027657758 13.0843498271 0
3.74387156842 0.438718623303 0
11.3963913005 10.478955484 1
12.512085129 2.6550294456 0
7.99867093672 9.80374195515 1
8.06262016505 7.26053326042 1
6.55823267672 7.07948093294 1
4.86113744442 7.02940435858 1
17.269482334 0.645760030331 0
18.9556348648 11.7736284013 0
19.721518274 7.02560554526 0
9.90032017424 9.39089628889 1
2.59310458663 8.98692796696 0
4.29337603837 19.9315734754 0
7.86707946296 15.2695383391 1
8.3330936667 11.2773971485 1
13.7804632041 12.9419221607 1
17.8657657723 5.07775670134 0
14.1328414125 6.90714478308 1
8.22199065559 3.80834295289 0
14.6102358572 6.24896136702 1
8.02732248044 12.7821063138 1
11.2326562214 15.4600305272 1
7.6347247937 4.46493398539 0
7.97629654239 19.4602594026 0
10.3543694666 8.17397552505 1
6.72248366585 14.7983412803 1
12.3401336302 11.5575799308 1
13.4111846593 17.7506832259 0
9.06054874905 12.9848973436 1
0.831410266363 7.6451568191 0
1.66352859818 1.91112696241 0
15.5167591349 8.55666863417 1
17.3277130605 10.3262252348 0
14.6454811456 7.77661502189 1
4.70817478811 4.66914336469 0
9.79934300352 6.79768247405 1
16.4198299419 2.83335436089 0
12.8915262822 10.4492156054 1
8.55962719335 7.84406073312 1
14.8565052537 12.453344077 1
11.2639623399 13.2330384815 1
3.74320173012 1.8754858869 0
8.34841318287 14.4340455396 1
1.66195582288 12.5681254406 0
5.44218533054 19.0029126094 0
19.28039247 2.08712971179 0
9.1383592719 7.12614386739 1
7.25021778031 5.42037057416 1
11.3107230661 7.93540328616 1
2.32272032189 2.19263975037 0
12.376968573 9.2986278009 1
14.5973908089 13.2227443183 1
15.0365837244 3.78369120767 0
13.4606563417 13.6308305669 1
12.9438984581 13.1183364832 1
7.59531699783 13.3671908953 1
6.8232317174 13.1568358852 1
10.8351764477 7.49783513354 1
1.45127082461 3.76170849146 0
17.2730737871 16.3591137558 0
13.8489774515 17.7194020093 0
5.09377420135 2.77742483304 0
6.40131763029 7.18654665702 1
16.8979716427 16.3138962726 0
13.7338107261 17.8281463126 0
6.80043090204 9.63001159264 1
6.0678572313 6.34965369309 1
15.6138747301 0.422088791157 0
11.3161385986 9.78602981266 1
9.30866329688 4.44858820088 1
10.9940451162 11.8463436387 1
15.5492646102 12.9679329728 0
17.0542894326 0.00953804564165 0
3.51460421646 10.4675209838 0
12.541954661 14.4032087131 1
14.536057824 6.64347467179 1
16.4742182218 9.41507338665 0
1.27483795124 3.26900921087 0
5.30818713684 9.7937084343 1
15.8454907391 10.2885500359 1
11.9779120199 6.97346437554 1
9.13106051759 1.63743983113 0
11.6196107028 7.68696261525 1
18.1299137775 17.6542314015 0
3.79722298924 16.3216283281 0
8.82805580719 15.6711593805 1
16.9480079142 0.68310329857 0
9.87156392069 6.4145340677 1
9.43144000514 10.0133338373 1
3.32012448134 17.3938211468 0
15.6683457638 13.9599038201 0
16.1077670869 18.3523824346 0
4.56059290365 9.26254877668 1
15.7112123244 16.9464258336 0
12.6519102536 12.2770312581 1
3.37406810605 7.63623288973 0
12.8563068966 9.92629939844 1
5.99965153807 15.1191925117 0
8.83138487487 15.0083913452 1
4.54653714368 8.99368860748 1
7.06604299699 9.27476528047 1
15.1276490935 11.8355781657 1
6.47601968522 16.5356189291 0
3.91923475479 17.8156313228 0
12.8361172853 11.4477519483 1
13.5149440818 7.02770967433 1
17.6801669402 3.70012983516 0
9.05092282372 11.3435775209 1
11.3801602516 6.92863302932 1
1.42346138436 18.8946356463 0
3.22243051068 16.7756136921 0
9.09504901835 18.9162185613 0
8.17358112156 9.60736690794 1
11.2828720955 5.765979946 1
4.46154758984 5.69259828007 0
18.1605016022 3.22833405628 0
8.22028808346 6.3045718209 1
7.4675124001 12.060960467 1
2.91711779827 10.1095130787 0
12.9588563728 4.12693982649 0
1.5661074062 9.21868952978 0
10.6823247583 9.92730544597 1
10.7295249729 12.3653935207 1
6.99380345807 6.04681369564 1
10.3382974234 14.4752649631 1
6.01136201541 18.0881503159 0
2.24969683429 7.25974202681 0
0.740255149469 7.32746836801 0
13.4614918519 13.2543834183 1
10.5648829851 9.27299927812 1
0.884497861263 19.9889971993 0
1.28149152547 13.3976913038 0
14.6183360028 14.9766284522 0
8.94238407324 11.9847431727 1
4.4682344451 19.3273977761 0
2.67248842314 3.8438164552 0
0.000741726594125 5.67586405876 0
11.5144484785 17.0760955217 0
19.8489435181 16.2542690413 0
15.1753877786 16.4699336768 0
13.6498113523 7.58040752054 1
8.11716221836 15.8127472955 0
7.9762637404 9.70532402799 1
12.955913536 17.9346775684 0
15.224023817 11.9279117173 1
15.3621660442 15.2542642168 0
13.6999477806 5.56238575664 1
7.09089936924 4.06822393327 0
9.82257813949 0.969053447761 0
18.7290412515 16.2274315297 0
10.1395999645 11.6639056087 1
17.8772733903 2.61967652224 0
4.90646164744 10.733249198 1
18.0129804565 12.5768732344 0
9.9463686278 11.0656298008 1
16.9697421587 18.1137417931 0
11.3845581596 10.4954557092 1
10.7657565535 8.99477763301 1
7.77961041017 8.04378625543 1
11.2212100879 7.73114762557 1
19.9741760254 3.07220735806 0
10.6728999639 9.98919118976 1
16.3582494303 12.1872241494 0
19.8213205785 7.66351992202 0
8.07571958384 1.54531703106 0
16.8462607672 16.947290939 0
15.3342420885 7.67463793902 1
15.4368528667 2.4705121872 0
12.9718694291 14.7921566626 1
18.758739798 10.271056545 0
12.7481235292 7.27048364351 1
7.78877300698 9.79815213425 1
14.6930370717 11.0642920406 1
15.426649624 10.79450425 1
11.9058409875 10.3108512601 1
10.4864448589 11.2975158138 1
5.15607843985 19.8321695529 0
1.66416716591 3.29877673869 0
2.66838631732 1.7377474269 0
5.91155621961 15.034555323 0
4.09249290449 7.86609386223 0
7.82523810232 11.8188779609 1
4.43844719008 1.70278197787 0
5.3697756916 19.3086359134 0
15.2389552882 8.61018170175 1
3.54321503705 15.974673292 0
4.68956183201 6.44618613563 0
16.4376733733 11.9903688961 0
15.8345293819 16.2328109632 0
5.59043206684 8.80976496389 1
7.94785046442 6.68092714544 1
13.1558033345 11.3343671505 1
6.02355090233 5.61477421338 1
3.50233837448 18.7567961621 0
16.3311883568 6.27658558923 0
12.575152162 15.3474776034 1
11.1584345967 12.4340682457 1
4.2752078667 3.99595787236 0
9.69954863753 15.6557866408 1
0.929555514572 2.94919066073 0
8.87414143294 10.2452861636 1
15.3164020717 6.85245178539 0
3.77373015667 7.39117611582 0
17.9811016057 8.54693773917 0
16.7119546206 1.49087742868 0
7.50429619947 9.05356104306 1
19.8506229021 0.0717515626374 0
10.6279765633 7.72476948408 1
9.17030906231 15.9005103519 1
9.79124899597 4.8279089892 1
6.77916977206 3.92532145668 0
10.9243335142 3.2252300694 0
12.1974454074 4.13847264715 0
2.32582313846 4.48143433591 0
11.2400407565 11.0850626936 1
9.18821188877 17.3805632249 0
5.02392899796 11.8119888131 1
17.7623867962 8.84476859258 0
4.6255011913 8.27082554867 1
7.40213042406 6.21074821249 1
12.1121662165 5.9265119903 1
17.2689025451 5.14483417185 0
7.7954507615 7.26065270203 1
13.9589527176 10.4710516567 1
17.8738023414 17.7754731654 0
13.85109879 14.1520742771 1
8.19038699862 19.2700415174 0
13.4292559866 5.79181683384 1
6.91368978947 10.2978008295 1
16.4746963182 8.11437084128 0
7.21088612052 10.9547304498 1
1.46352361448 4.13799060865 0
0.55079151253 9.5362569852 0
19.8316514513 7.94308079896 0
0.0865674459446 1.29682844387 0
14.4404683749 8.52135553221 1
2.26225515965 19.9054001525 0
8.62972955524 5.30425611211 1
16.3111700909 3.73454030409 0
6.11413109323 16.5782017321 0
6.09157759586 14.2058539833 1
16.5573596346 18.1999391577 0
2.65490002256 9.91960340306 0
10.5043224541 6.80016643496 1
10.6917542926 14.6042621003 1
15.0026822727 11.8013301672 1
5.88453692872 4.4679724773 0
7.0975612305 7.31636544699 1
2.97049371233 18.5782747581 0
12.5593861265 4.96251342008 1
13.3784776644 1.86086758262 0
12.0301251457 13.4985150692 1
11.3155326267 6.39878108885 1
11.9982003091 5.04173232922 1
1.1417587901 16.4629531035 0
3.300154068 5.1351322715 0
2.91461197418 3.78499639997 0
1.71829900657 19.0966324293 0
12.1578809858 18.4206611864 0
12.6408869855 4.94044223332 1
1.51629303179 3.54152373101 0
12.6933035422 14.0063248038 1
4.03863599784 8.98890023026 0
6.96237226323 0.370547237727 0
13.0362658364 12.1239827674 1
0.914253402538 2.77732018125 0
11.0247705639 4.81296656267 1
16.9549331676 19.1591215374 0
10.7830211728 18.589066774 0
12.8176118978 5.22344414669 1
11.8384295462 10.4419497102 1
5.09594552932 8.831668731 1
9.11915805313 9.77138252596 1
13.8596006136 6.65338792973 1
0.191185263994 17.4895282128 0
16.5816490064 18.9703883279 0
10.8105728744 0.295214434828 0
12.503761781 9.25747278304 1
17.0839229015 11.5863782968 0
4.66299727914 19.279866555 0
9.18201232004 6.50616016341 1
9.55536737717 9.30038704279 1
6.60667718027 16.3774876732 0
5.50727173556 13.4005238005 1
9.97053944716 7.83701352718 1
7.07549749437 9.00529831595 1
5.33565779672 8.9269352878 1
18.2414875058 5.1405513862 0
1.84520956501 11.8079714023 0
17.8095510943 15.8018974922 0
1.79463147552 0.237442518293 0
13.1144047288 15.7781324651 0
7.54375494234 15.2565573656 1
6.49253713852 2.94017727262 0
10.0572528495 8.8133653604 1
5.46971303122 6.6805665159 1
8.22155566296 0.486215384616 0
6.16592153877 12.0930853188 1
5.22576543223 9.48011249545 1
4.74109753476 16.6104043422 0
14.0113977174 8.96049314235 1
11.2369233407 4.70784545326 1
10.4902151155 12.8503515542 1
6.09650313903 12.8149881904 1
9.75139778157 9.22246155785 1
17.837477531 16.1650703687 0
6.02976039042 3.04865613205 0
15.8527317647 6.61475208308 0
10.746575608 0.387142500249 0
10.5083417507 8.63031922377 1
6.46512347445 19.3722253952 0
11.9844132235 11.4690456516 1
5.06945725159 11.9474168068 1
19.9697215458 11.5304443964 0
17.9840019637 18.5898154532 0
7.26323349296 18.1555386834 0
6.84063418686 12.6244556852 1
0.557292076503 15.1336209554 0
9.56087143094 2.64882446516 0
11.1007766369 15.7694183486 1
4.82403721916 2.28119234042 0
15.4561376872 4.49093425018 0
15.9455795298 10.5041852132 1
0.70892988937 2.59324127815 0
8.95841152305 0.0566482694479 0
15.6960385996 18.242970684 0
11.701792909 7.48250939915 1
1.88839645148 3.95517062545 0
8.20975627019 2.94860342379 0
2.5239293488 4.18682663259 0
13.7468236787 7.25546347899 1
5.72613496393 8.31019845149 1
10.6806425076 5.05043529945 1
6.02656206546 13.1647757553 1
13.4212539222 1.05019172768 0
14.19531345 17.8680220883 0
2.26710625915 1.16944134527 0
12.3221960151 13.2338161327 1
9.48082489872 11.7451815173 1
14.6344970212 5.49966197194 0
11.7219704308 13.5625601937 1
0.91362242037 15.0470485152 0
4.81491128081 1.66098281526 0
8.19089102763 5.6123277959 1
15.9766607267 4.19023644671 0
7.98342046471 4.66805619367 1
13.8587328844 12.0824154327 1
19.8786323238 12.3565053603 0
9.58926166683 15.3110085096 1
9.02135055581 15.2336407402 1
18.4526323749 8.00819643128 0
8.91506939681 1.45300245907 0
12.6549213998 7.2579016573 1
9.8113759792 14.9528915725 1
16.5207812171 17.9045502296 0
5.68244359562 1.73984038172 0
13.288248476 17.8646009752 0
5.43423146636 2.20764580338 0
4.45454199666 11.7133521071 1
4.60081581546 12.2546608576 1
16.3495097472 19.9338523761 0
9.07722837912 9.23775945942 1
7.77159716633 15.3538735714 1
15.7286524879 5.78159777802 0
5.3459165272 8.27884255455 1
10.4794277097 8.70868609073 1
8.02910843167 9.41801877494 1
9.65008393439 15.6588677 1
10.9592183156 13.9866373419 1
7.93258576058 10.7429765156 1
10.1566953382 11.1449988646 1
5.52046055737 4.86090458442 0
14.0880987798 4.86787356959 0
2.43116934814 15.1407433417 0
5.30955108507 7.10952585454 1
4.66977099158 12.6185361731 1
11.7176732961 10.1074434976 1
3.60648703388 16.3466328782 0
19.715436013 9.51953546313 0
3.7055162248 16.1382759732 0
0.969611862248 4.26782401815 0
12.4128749107 14.8946226727 1
9.51806872834 11.8272522513 1
15.0689663738 18.1533266931 0
6.84677738919 14.9609542143 1
6.56107680895 11.396615983 1
4.44918450381 14.8770445367 0
14.8070281825 7.47865868248 1
6.83500478118 8.53281652999 1
3.90638829132 6.91867696982 0
7.98865893504 12.9979302235 1
7.26224622962 14.1309434854 1
15.0539694079 8.94917364684 1
16.8843272355 1.35573121692 0
16.5856118835 1.58154028128 0
13.651933093 9.49241845466 1
5.70353528584 11.1725727797 1
4.48978799476 8.4083653854 1
4.42559029157 10.948719861 1
13.796019016 10.4153934777 1
7.83075285173 6.63174564648 1
11.7764817578 8.82058254417 1
10.6210254676 1.82192855836 0
11.6101368325 10.3777874234 1
8.28255924969 11.2147824497 1
10.3793654302 10.9893545132 1
10.818498046 8.49740914545 1
0.757542002551 10.8069968122 0
5.55056580833 15.4276037646 0
1.76598481717 6.05740556531 0
19.7382677909 5.05178120986 0
10.4881041653 7.46838753981 1
2.96057491456 14.9480512118 0
19.5692396238 7.42855612154 0
14.4426269171 8.71761773146 1
17.7833280212 7.87275562511 0
8.31383035218 18.3145850591 0
0.875999205112 10.6839572515 0
15.6803127623 17.6419655751 0
14.4672067778 9.6025338172 1
7.34317701759 6.86015533839 1
8.88047729268 12.7900741749 1
13.0770243811 9.68649346189 1
11.5128677567 6.78434049556 1
9.06027694673 4.20759510289 1
5.87554598351 8.3120438868 1
13.9531014327 13.2134238995 1
8.92889926364 15.8036827655 1
16.170954069 14.9767315899 0
11.8089208801 16.1231808004 0
9.3675500578 15.4343355579 1
7.01177045983 10.5171586724 1
13.5982977085 11.9018944345 1
7.00498050052 12.8722613599 1
12.1900020651 14.0396703383 1
18.6300920111 18.6459857393 0
9.67930127451 6.48619932213 1
10.4706423451 13.1987636922 1
8.61654911202 4.55621108854 1
5.49257660047 8.50525655931 1
15.4080893053 11.8757574931 1
19.8294784969 14.3833433611 0
5.21690537631 9.54968088408 1
19.9542496608 8.07114414899 0
9.58645868039 13.9754141259 1
8.44516237329 10.1530839108 1
12.8199707582 13.6612923279 1
3.22927208231 16.4275879408 0
7.22012169841 17.5974596682 0
8.66429132332 7.32439978628 1
12.8247280173 10.6648580312 1
16.180522301 19.3899857522 0
9.65219976969 10.0011068037 1
3.07968400679 0.651540406038 0
6.3143839423 12.2218536079 1
6.55377381012 16.0461087368 0
9.52350341319 12.4924700371 1
12.2130016371 16.4997553211 0
10.340526361 6.69497327682 1
12.9745417266 16.4617590436 0
4.4219582646 9.81634811292 1
3.87312343581 5.04585609308 0
13.3860486205 18.3642792522 0
14.6252072308 16.5409650009 0
6.75031915292 5.76196554389 1
6.1205436739 11.2941314456 1
7.55314812375 0.968750814872 0
19.4016594334 6.81862367082 0
2.32952242313 19.2523403997 0
11.4759531439 0.711999124123 0
15.77679752 11.2832441751 1
2.58503693601 9.44520059849 0
3.83217424149 2.78549442699 0
0.363011303836 12.8003838144 0
0.959177843739 18.487523805 0
19.4360402184 5.46144781883 0
2.71378005763 1.18902100883 0
8.07318507827 18.5323834489 0
0.464556699468 15.7045062861 0
9.25441232695 0.472641873345 0
10.534354675 3.67079618295 0
14.3379474279 12.3817767176 1
18.467599308 10.0684570301 0
4.38785542125 11.0485261066 1
19.8081457854 13.2574379711 0
7.42411229692 14.357047203 1
7.29250505408 11.2560111088 1
10.3466591625 15.2616317521 1
8.03607488919 15.7133091517 0
6.89420053932 5.19611940955 1
11.5416935002 10.0950239561 1
12.3622833683 18.5091451513 0
9.57743552504 11.1420376364 1
14.5890658602 13.5383103885 1
13.8616062424 7.02471883452 1
10.6722495223 19.0478435482 0
6.63337154463 9.18033197368 1
15.3882384164 10.7207817467 1
19.9280730868 15.5687205895 0
7.06310707844 0.700224661668 0
7.09143332766 9.7397132353 1
7.93603470422 15.573066429 1
6.26207857519 4.46725046033 0
7.17607973568 4.99245364229 1
11.3325596074 12.3148722664 1
15.1605138418 17.9140476949 0
15.0463795551 7.18087361793 1
0.244555650315 8.99396472273 0
0.20816325389 19.2999672671 0
14.3660433945 12.8654474448 1
8.90037932048 4.36019407264 1
5.29932793134 5.17504335504 0
4.82313171052 7.19564113275 1
