5.19211106982 3.9901746792 0
8.6029299212 5.96919707682 1
18.9077491701 17.0406071965 0
11.4919593017 13.4643621774 1
15.107368475 10.9456626496 1
15.6601401181 3.41573209878 0
12.4727648077 8.32165992339 1
0.171532814741 12.4368574839 0
6.33858886342 8.9386185297 1
13.7708240018 9.23968537655 1
12.0073467754 18.5507012776 0
7.8889891198 0.956965456677 0
17.7756885993 12.5569717974 0
3.5588591094 11.9176226235 0
1.83935539748 9.40352427416 0
4.76893252764 8.86583796002 1
7.61596052865 4.72442480246 1
9.71584590118 4.11522922093 1
7.17811350601 5.82479538026 1
4.17830340106 6.69061592962 0
6.34180761553 8.82246387143 1
17.7108996333 13.9310851934 0
17.8854072661 3.50970040796 0
2.78570324682 18.7594739859 0
13.6470184999 17.2499140252 0
6.51162027275 15.3136317422 0
7.5840891774 8.36905841393 1
15.2590195705 8.57360408604 1
14.3498422997 9.5887350901 1
3.61364478492 8.46647343461 0
11.021598382 11.2055577944 1
2.85760718611 7.06708242048 0
14.5031197843 3.32967585267 0
7.84687345759 18.9119364857 0
5.62389509094 5.31058695584 0
7.37429501357 12.5901008242 1
1.55349513787 3.25607587819 0
5.32322051605 0.911190985682 0
16.8510205613 13.7270094344 0
11.7665340337 14.9910809895 1
17.7765944029 5.89680046882 0
15.1690400423 0.371505591449 0
13.6280740588 12.2518936457 1
12.0681303161 16.666478773 0
12.4527512292 5.13417794122 1
17.5670488559 0.562816465391 0
4.79626392431 14.0628531743 0
10.0393290906 6.16895321096 1
6.62325512327 18.578860511 0
5.90983009963 8.0737281399 1
12.849999339 11.7603660246 1
19.0186961318 8.4399975279 0
18.0895097509 12.590754779 0
10.414064513 12.9486010566 1
14.3644850727 19.9983260597 0
14.9819718234 15.2914282334 0
13.4890534093 19.7810284127 0
1.55328753172 17.4819709577 0
9.99663860179 10.6212622937 1
5.30407411333 19.5862255677 0
4.03900396529 6.34693194842 0
9.4912322185 4.86440817102 1
5.14854762251 13.6047361838 0
7.80824664336 6.12709801681 1
5.98117666292 8.69108360992 1
17.0906967828 10.2248158048 0
16.9511615706 16.5488072416 0
7.26404895459 6.91497763315 1
17.3296046703 6.69556476744 0
9.45849262653 4.79647035547 1
11.6818078971 7.37847632482 1
19.7327037395 5.31571044056 0
2.05497692594 19.2792669931 0
15.5028833866 6.66655739384 0
4.18839117206 3.0656429767 0
11.3588569498 17.455995282 0
4.84705352147 9.19900897034 1
4.0139691451 7.1130543538 0
14.1054107574 6.90765687483 1
10.6916672433 6.49733730028 1
2.72378717811 8.15136366561 0
17.0646502231 0.91147080472 0
7.76099893974 10.7206360527 1
18.8743596764 9.74137210289 0
7.90273320616 5.7057890925 1
1.80452010806 3.48725109538 0
2.50483567868 0.624100543567 0
3.49942255453 16.1988113591 0
7.85573588062 6.6360143293 1
11.8832604632 13.2508948938 1
8.61396417326 14.4740835233 1
5.38507208044 8.61126549392 1
11.2936625124 15.3493991883 1
13.0258733425 15.7647618731 0
6.89563714562 10.3811350536 1
4.14363150534 10.8048362902 1
8.34117332054 4.40604959244 1
17.2108012449 13.2494838456 0
11.8677365952 13.1011166557 1
18.7687359094 1.90506585575 0
18.7536777551 2.10301308693 0
19.0524398726 10.7580436178 0
0.754962736581 18.7243066724 0
19.2763050495 13.9829086092 0
11.632758786 19.4328985738 0
8.69249151192 12.4370166781 1
0.0614396055804 2.90922046873 0
6.61759323883 9.08413335831 1
0.22168117856 16.4663364958 0
1.46315328496 11.3579945016 0
3.32619453367 8.14039706383 0
9.68009227385 15.1337574303 1
6.53341743009 13.5355345376 1
13.6000668061 9.64717710867 1
12.4383731772 12.7238192116 1
18.4035712067 19.1460572442 0
12.070630628 12.6953532372 1
10.7469331573 5.98617343641 1
8.35425744065 12.1466802495 1
5.50167234182 9.92673367003 1
6.95095356245 11.4872976875 1
10.8670917041 19.984352561 0
7.46169225623 17.6991964032 0
8.62942241693 10.287281339 1
8.88395246529 18.7796518986 0
4.76602688603 13.5642379287 0
19.784333176 1.57976007483 0
4.14868708635 10.715837628 1
9.72329831728 15.1390846912 1
11.6756072138 0.164214898498 0
11.6734742736 14.9921216419 1
15.7242642933 18.614674036 0
12.7885590442 4.77272860303 1
15.6323146051 17.4491544262 0
5.11584099677 12.6633918677 1
9.83747682838 7.22237511789 1
12.8713662708 13.763488069 1
7.37094593727 0.109421994032 0
9.8124932918 7.70795230844 1
1.86227763098 11.1522126804 0
12.9606473735 9.06478605086 1
8.51908813827 10.7879013439 1
16.6872108785 15.9939268599 0
15.8422544637 13.2802014593 0
2.13072464667 16.4976399014 0
9.37353118265 2.17022069215 0
5.28903024986 12.8880191495 1
15.1956147849 11.2103044537 1
11.2710450878 9.24621608496 1
3.83926813166 8.97331289931 0
12.6161302338 7.54512694046 1
12.8580303682 2.26480933312 0
12.8646939437 7.78967603773 1
5.01221932192 8.51644076733 1
17.2751740662 13.5084296547 0
12.1673054792 6.87661048556 1
14.1805100854 18.4573276642 0
7.83224886954 1.96140273854 0
8.75696640509 18.4228606489 0
10.4639048786 1.05093567674 0
14.9834857406 9.6799783985 1
11.6249032635 15.3401480628 1
11.9972361759 6.9500996709 1
9.55165298519 9.80801557387 1
15.7957416494 4.96117285647 0
13.575208525 9.95389578412 1
7.3501197896 8.93818785989 1
10.3933318411 5.16608604451 1
5.72893961068 1.29564443625 0
5.27000336605 14.5028236389 0
7.18442370645 11.1076061596 1
6.82542393127 11.6263354961 1
15.8415390033 4.59315301211 0
12.444712377 13.5526423248 1
9.70579709338 2.12092583632 0
7.60256271381 9.54641059872 1
10.1407161271 1.78654667687 0
11.2169881604 1.62940876888 0
16.7514136437 2.25890819845 0
0.778086457872 9.76326569458 0
18.0178985405 12.9360139959 0
18.2730832491 1.22485788525 0
5.78335067482 1.43113548757 0
11.6479222926 12.8243198094 1
3.98026367631 12.3626949479 0
6.55083523807 11.8706705864 1
8.34769239412 7.59188519969 1
11.8038241005 6.63807361535 1
4.10709933023 9.11647545441 1
11.6975382291 4.38512647944 1
11.5408683151 12.7286976006 1
10.4550982514 9.15099619911 1
11.3681846881 11.1962550578 1
6.0569058275 14.2359400053 1
10.2662096457 3.19875086457 0
16.555306256 15.2954571433 0
9.99717712383 18.4018452897 0
18.2414049572 0.294872818339 0
9.31944382081 15.3583602323 1
5.31245911236 8.56321686985 1
3.48086459273 18.6121389428 0
13.5343594627 19.1604784362 0
19.8723578597 19.8805387183 0
5.92790637903 5.86444968729 1
18.0382852054 10.4013519466 0
5.67023578596 8.16728213075 1
16.0194565973 18.8054431223 0
19.8870085863 6.76854047052 0
13.0018576908 18.891249754 0
13.5346542237 4.90779764862 0
8.69800748696 0.348421332302 0
12.187415187 8.37522857135 1
9.70844292264 4.67098091508 1
5.84993045446 5.476006704 0
12.154114222 12.4867473929 1
13.4970059762 12.9331418467 1
13.3310099771 14.0858983369 1
8.97538883901 7.31862850475 1
6.40031975692 13.5517426186 1
16.8239013143 18.8043730878 0
12.8101843528 1.31155757938 0
11.4661164463 9.06966256213 1
15.4158814814 10.0815651748 1
11.7907415281 4.40548565255 1
11.3206908791 13.3627589199 1
2.06583728123 0.0892076038544 0
14.6179184608 7.97110608444 1
14.3686377874 13.4104312193 1
10.5375750241 15.0253409074 1
5.68857790706 17.6781208292 0
5.98196903956 4.63419454384 0
18.9611444003 11.2817654095 0
15.0318426292 11.7403927715 1
13.4110350351 8.87425218673 1
1.21785505684 7.6570681175 0
12.7588120952 2.59285457718 0
8.58312443155 19.1207761174 0
13.6111416366 18.0846466768 0
11.6136526144 12.2274834479 1
14.7008267491 8.88402418378 1
11.6879271814 13.836916406 1
2.03730666229 8.47588889278 0
15.3443492416 0.704883373153 0
15.0484107124 17.7177205706 0
17.9024379638 8.53154307358 0
10.5111977221 10.0265318947 1
18.8725796967 3.50024751744 0
10.3867534952 12.8337279401 1
11.6246387921 5.71082837668 1
4.63795182211 9.49986296299 1
5.29046645976 0.558565595049 0
15.6792400564 1.34316041946 0
19.4734217942 14.2789935512 0
10.7600035256 13.5359466417 1
12.0945577332 17.2177358463 0
7.99026419931 13.0135727333 1
13.3604571978 5.70486209347 1
12.9089267289 5.75315587288 1
11.2556159506 6.92077930365 1
19.6816429005 8.30735415992 0
9.64467312912 4.13373926893 1
5.27762179255 9.56940031236 1
5.64363396921 13.7004400847 1
2.22062474224 3.77295505171 0
7.31094097068 16.3617011391 0
7.74190708502 12.839284212 1
11.2098181116 13.8535485887 1
9.80979388978 9.11213717932 1
12.5754613554 14.1473284053 1
16.5841506788 16.0150769412 0
11.7489762581 12.7477857368 1
9.27316643037 4.06933455629 1
14.5554500381 11.5772417824 1
0.775706171662 1.61692848338 0
8.55687066579 15.0595311907 1
16.5049259147 4.86325818946 0
5.54611121381 16.2837430363 0
4.24479778373 14.7876064731 0
7.77258226236 8.10431686295 1
16.6778451945 7.15382078016 0
8.75755952271 10.2541181962 1
1.17689277321 0.463507828863 0
5.40054910707 2.35223995923 0
13.3666991168 3.70028547866 0
11.2523398561 5.22378071749 1
15.0352053812 12.6431610226 1
19.7695745744 6.54415269349 0
1.15197334468 7.22363273075 0
10.9790199368 17.166078136 0
19.7641083131 17.836604096 0
1.86286664014 8.47759619821 0
4.80939208604 6.46751923779 0
7.98815929182 19.21806627 0
13.7491584473 18.6101928874 0
4.4663795314 11.2562560211 1
9.87620307423 4.22151141836 1
15.1326780656 7.79345824887 1
13.5877098614 19.8964045561 0
17.5754445606 13.104472101 0
11.0409050812 15.2809996997 1
9.30211533105 6.69008133078 1
14.6027242034 7.75496142618 1
15.4245014147 6.97100530827 0
17.8429579195 17.4942268689 0
13.5970473571 11.2732587849 1
11.5742829739 12.8635966429 1
9.11254199885 14.7330555195 1
19.5365601306 10.0747851731 0
12.3006524333 15.2016312021 1
0.566074272868 18.7095502667 0
7.58477977179 12.4541270186 1
14.0442507857 10.2913035448 1
10.2484454844 16.1131038918 0
5.8019771538 19.6183932075 0
9.14923914117 0.615938754827 0
0.757777546703 2.0015163292 0
5.94201791115 10.9045932104 1
6.38882559029 17.6985484158 0
14.2688696275 2.73664947447 0
1.56923731263 18.7754392035 0
14.8366044995 9.39931124841 1
8.62749774493 7.42955273678 1
1.47177907559 13.4294462597 0
9.91759281505 15.6589519921 1
2.37014835847 18.4049883476 0
7.62441526363 9.20743664763 1
12.4143599532 1.06403201013 0
5.28310594326 10.711787918 1
17.875228742 9.88901494793 0
7.25515644852 7.60725864642 1
6.43741533238 8.04151782291 1
11.6861705546 11.7686585469 1
14.2010609129 8.34519777055 1
11.6930489609 12.4359531358 1
3.21333349575 11.4199889348 0
3.65328977139 11.453689943 0
18.2334795696 7.26341051157 0
8.64791815437 1.2078873242 0
4.22574518495 6.62418321807 0
17.9709011946 16.570118222 0
12.7528579218 8.12571693382 1
7.44611579399 2.71308845468 0
5.32912104044 13.6738962706 1
8.76691319099 17.7912684365 0
14.1390343777 12.1511898064 1
12.4083672365 12.6090986763 1
7.72368890094 4.95598429018 1
11.1438947538 14.4478801598 1
14.3405763393 19.3713051278 0
8.12791574562 16.978171725 0
8.90681121107 4.34026628347 1
12.5193772612 2.21541915131 0
7.29402035349 6.3571239369 1
12.0053253178 2.88900989531 0
15.3959079002 3.41204783074 0
6.64194813678 16.1195114801 0
2.25306294247 9.85796925375 0
15.6162165261 19.0135757796 0
1.41236501189 1.33213410232 0
3.32632977092 14.6109526305 0
3.24037207558 3.76459752032 0
11.1136007829 5.57069067037 1
12.2836347584 11.187912231 1
10.3281150119 13.84717057 1
14.4193682713 1.79308472417 0
14.8725568634 0.0338792741974 0
13.5665100055 18.8926557641 0
5.67135632675 11.3321011225 1
8.06890898917 5.97118696852 1
5.6409052151 19.8612365506 0
6.60584016156 8.28609685957 1
16.0069545227 7.16551832136 0
16.7740062186 12.9666931732 0
4.61797850206 10.5271033157 1
8.80543079712 5.30179857253 1
15.4586883648 15.2748511541 0
5.79519951742 0.573160984683 0
8.28015872499 11.8724352504 1
14.9016425766 0.821506281885 0
11.2728914338 8.99660411631 1
13.6397842176 12.3383724061 1
11.3540842544 14.0597278381 1
4.47547304382 19.6631043172 0
10.2782335221 15.545082317 1
6.88564646333 0.0625695873832 0
18.9783856714 12.2859762373 0
12.2073612897 6.66166807797 1
4.92422504751 11.0956828706 1
12.7798540914 10.981897681 1
13.8458078295 9.06160247116 1
10.128653044 4.44885249257 1
16.9758037608 12.5461870367 0
0.832898439343 9.92521558078 0
18.8737415341 9.52000671772 0
8.15960903769 14.5580788777 1
6.38091336143 9.60103598554 1
14.683778675 12.9157078879 1
11.0034923669 0.114885182314 0
0.430327665116 5.80444156749 0
5.60307340939 13.80765397 1
18.9669357842 19.2435793176 0
4.27202949185 1.7868886312 0
13.9121792107 8.63191118906 1
13.7738563746 13.5743952086 1
11.0098231774 18.6601919452 0
19.6624680769 5.16464809193 0
1.29964514172 18.3539574804 0
11.8125876902 11.8761835003 1
15.9394804618 13.4853334162 0
4.20639156882 4.98378797702 0
2.56967251217 19.1747945057 0
18.0392694181 17.8985422291 0
9.72223616715 1.60947315047 0
15.8055414681 10.5961140729 1
17.8642104629 15.6973706022 0
4.6385282448 12.0256062572 1
12.91079517 15.6753294 0
8.53664531479 11.3614491458 1
3.93995354067 8.03952933167 0
19.5493404246 19.9378571079 0
17.3952924611 4.19124438967 0
9.45413145737 3.13262068386 0
11.7184128495 14.3990669386 1
7.08146832429 13.4614348565 1
18.2222274649 19.6250440317 0
9.41184544945 11.0025956013 1
14.6416518498 10.9297610564 1
9.90663844111 7.42890296472 1
9.92702301683 10.9994230689 1
4.62574834961 11.0076786598 1
18.091607513 19.5070154279 0
5.42596647375 13.523240194 1
8.0199606725 7.92722944521 1
13.6059158896 5.76417731535 1
12.3459582547 4.91520214123 1
14.230923626 8.76714598036 1
2.93243611967 19.9533164857 0
10.6220426641 14.3221107629 1
5.33421162751 1.43771610282 0
12.5907785767 12.4637782741 1
11.4704671777 14.5443494254 1
11.2431586788 14.865227063 1
15.2070037602 16.9470252346 0
16.7690306689 16.9431923196 0
12.1009244805 11.2693879999 1
1.77240088837 12.3575350109 0
7.98822141642 11.2269066167 1
13.170607886 1.87052285225 0
13.6661121112 11.7339837578 1
17.1961780855 3.5735772306 0
6.3367134596 11.1647815123 1
17.8390706712 15.6320707189 0
8.73819844992 6.28597158675 1
10.6042482474 12.6617583049 1
3.49975218733 11.1796143872 0
4.95388403983 7.86102946645 1
7.44449388125 14.6158801709 1
11.6576585471 7.39176922018 1
17.6070287892 0.271449773072 0
14.359502995 0.731448695295 0
11.7677748682 17.1143250091 0
19.826021329 16.652834091 0
5.32120307579 7.30976988325 1
2.20617571276 17.3473778395 0
12.9200062062 11.8551397228 1
10.2211539215 13.1066860391 1
5.58156325679 7.84619897402 1
8.66639148132 6.07149371403 1
11.6114858929 12.1611661982 1
7.78368664987 4.75090911364 1
10.4607901375 8.69842989481 1
4.41007643541 3.53099845447 0
12.6465338154 5.19735876267 1
10.679386349 11.2724395474 1
5.93593596231 5.57118297527 0
4.78977708347 11.9475511819 1
9.89924795065 19.2141099928 0
13.7761873728 7.33772363478 1
5.09407736331 15.0074852166 0
0.0709322050481 5.33441080354 0
1.5631805645 16.0616541011 0
12.9952014867 0.241431823116 0
17.1377772819 8.93007069782 0
8.56218443761 5.02807030771 1
8.79800579535 8.67944523779 1
13.5154968639 5.00728564587 0
11.6209266608 5.05566404453 1
2.15359938581 15.6994235418 0
13.7303521881 11.5111993327 1
9.85009861001 13.3828517466 1
14.002418149 13.1627074235 1
8.72502253357 5.27816487009 1
8.74223375427 12.1075242149 1
4.46783733196 1.55462502978 0
7.56797237825 8.64618579 1
14.1968806755 15.7075412447 0
8.26825049213 19.3178772661 0
9.88400930909 6.86149441672 1
2.93295540785 8.1973622132 0
7.66837531667 16.6312653172 0
3.44316876575 18.7769504866 0
8.93971266467 11.5797427079 1
14.6317954691 4.45260223142 0
14.622519939 12.9924936572 1
15.5951242208 11.4242554053 1
7.63799959824 3.65651447866 0
12.7400369146 5.55652284315 1
15.4556555595 1.42728174776 0
4.89509867187 6.09610641927 0
12.6459902282 12.7870117579 1
7.03417275512 8.05245466694 1
18.4655897061 16.7727735534 0
6.81264313349 6.89731151259 1
6.62009842998 18.7712077798 0
11.9246008465 7.3023846359 1
6.71359302588 14.900069775 1
17.4254807583 2.08814925106 0
12.1836391714 15.2150677695 1
0.0299173747846 19.0896423491 0
10.3191565455 6.79921422595 1
13.5392551143 5.58647115573 1
9.24447751717 15.67781642 1
4.1186812183 10.3474117267 1
15.3570225376 10.4314513611 1
6.8160733842 13.0789838781 1
2.92409567785 6.98497635815 0
8.93010051597 14.8293148544 1
6.69388918971 9.66339716183 1
18.4451948281 4.86460948491 0
4.01303650551 1.72916969376 0
8.71463924151 17.4972663831 0
7.91495528375 14.3148520475 1
6.03534514606 13.0751470634 1
8.25666248204 10.4301513278 1
4.44708045128 1.52062710989 0
12.8756610755 5.714990406 1
9.58427855351 3.37892953103 0
12.9439545553 6.12076523326 1
5.82031822967 5.77178579644 1
19.3188416922 13.2526789517 0
13.2083184841 14.8018198606 1
16.8248246089 8.54977836747 0
10.171062315 8.55662295814 1
11.0225018522 6.18855578582 1
12.6406559402 16.6204357865 0
16.3200006625 5.01674721333 0
2.43982651756 13.3808217683 0
19.9351077463 19.8978664891 0
13.0290972459 14.4775797737 1
16.7466050055 18.7848001861 0
6.68088347059 3.92260345652 0
9.45599511158 6.68249587731 1
8.89066444687 6.41251966701 1
10.1458118862 5.84163818526 1
1.488244281 3.27400968913 0
19.9527293469 11.0276641165 0
10.1917411382 11.3056543041 1
4.71361345362 15.0334592327 0
4.43899734191 6.50543831696 0
10.3876705785 10.3529737549 1
13.051157634 0.931988936212 0
7.64119784163 15.9031183278 0
2.22379780796 7.58379615082 0
14.5608055528 10.3479872491 1
8.74843485762 8.64618740176 1
16.0407703743 0.0112720713831 0
6.39099710343 19.5379473335 0
6.69878172346 8.81822297612 1
9.68362025089 14.6596626724 1
14.2101742231 12.9687703522 1
8.70929560024 4.3767546346 1
7.19712111773 12.9861271954 1
8.90669075149 9.18357656641 1
13.6331072752 10.4034614838 1
16.5843434312 1.64577274323 0
7.26703882333 3.24310626016 0
2.78647915402 18.0917933987 0
10.1969975805 4.08944900615 1
7.01949946317 5.27816656168 1
16.5900676514 12.5556808073 0
17.7282305718 4.88548194 0
5.10084663292 19.0874151916 0
7.82889394397 15.3894371445 1
13.043516709 19.4870526277 0
5.24386883311 7.00823493147 1
0.189286099558 4.64151436031 0
4.48062828335 6.60083698979 0
19.8882008211 14.0622843261 0
13.4689849478 16.8453654512 0
6.2640165519 7.87892742004 1
1.73516738096 18.2087552374 0
15.420183988 9.83136439494 1
0.968585563723 9.60584759447 0
7.75569304399 7.1778451169 1
18.3234225548 6.4769633449 0
3.54601786602 16.1020944062 0
13.2582780767 10.6100520477 1
1.56629955353 18.8920058775 0
5.88342299921 19.746702815 0
13.5032311244 15.6034846675 0
7.72914064626 8.17550126953 1
8.12126680188 14.9613910887 1
10.13816191 4.09182407012 1
5.34021418635 6.81645613669 1
16.943762736 18.6873646433 0
8.42522410247 8.17826586199 1
6.99289867488 9.42907182144 1
14.9896731705 13.1322207719 1
7.60014033082 10.1779171503 1
12.12337006 15.5484316279 1
19.3111867615 10.3372584432 0
0.477276666457 9.41690194657 0
17.8353767819 3.55879679427 0
3.58556986461 8.77251069721 0
11.2683519695 7.80718505321 1
2.19471887217 12.9378970711 0
7.45487686538 7.60920526416 1
16.2518072973 7.50683378551 0
13.4141370142 10.1134324708 1
8.00284924285 7.8287084826 1
13.0303693723 9.8129942092 1
1.30670095877 8.35896169373 0
9.86746298927 6.50699022601 1
13.4262599893 13.7402168363 1
5.23080926539 7.66625700069 1
8.45379787242 10.113690471 1
14.3052353859 12.5144004792 1
1.05817769635 17.8952229504 0
15.6430834105 3.98219968501 0
0.963692303021 4.4305659567 0
6.06486494661 12.5142695196 1
15.9678135827 10.3195642917 1
14.0695686384 14.0836918477 1
2.59820999367 4.92009893224 0
18.1906579408 15.5140223128 0
9.82162805215 9.27735401283 1
9.89724570772 9.6259980717 1
0.981642819963 19.2029281066 0
2.42548611676 0.654041852883 0
7.36887223012 15.1437048496 1
10.8682179605 4.1340724987 1
15.757099362 0.252023020269 0
7.37813380242 11.9538345998 1
5.50500474489 10.6063661394 1
3.64257639653 16.206601073 0
9.4066984103 4.86676272199 1
1.79529686274 14.8276798653 0
9.73125681809 19.1060068201 0
16.5204211979 1.86323967787 0
1.02971185548 3.62922793351 0
12.836548248 13.455841383 1
10.099125172 10.6379929984 1
19.7014225165 12.7382575763 0
0.029338307233 0.868064668496 0
18.4915991885 0.763258563824 0
12.9725808037 12.2215975196 1
15.2337376466 11.4112474986 1
19.5027225283 17.5109020008 0
18.8625512841 1.15396271694 0
11.66839098 15.1232704444 1
13.5555423179 8.61471827897 1
5.94337751583 16.9714297795 0
13.0775010197 11.8334805679 1
9.74820566449 5.0418253311 1
10.4282993059 5.15741331901 1
15.875028548 7.95426080695 0
2.63171462614 7.65346357426 0
9.18474904855 14.9075224103 1
11.5903192723 7.90040573584 1
13.1221298666 1.83022264244 0
15.8111964085 17.9735919903 0
1.14024017617 17.1387249085 0
14.7471536893 12.093744929 1
18.2596022707 11.0918262997 0
13.5654256842 19.4120856137 0
8.89809972524 5.0335487585 1
13.9210365539 10.7158715333 1
9.69010387068 15.3596055924 1
11.7291960913 7.16538692304 1
0.935672397564 4.39288085606 0
14.1882538374 7.10110265398 1
3.81977046351 17.7730093009 0
5.04817129214 1.40522363223 0
9.14111844177 15.0031993165 1
15.2424375334 5.79259266242 0
16.5514731368 18.0235461237 0
11.3547359942 7.77303960307 1
8.59948248494 11.8013426633 1
14.9012582949 0.62455625045 0
5.05263067333 3.25160684643 0
13.2197838079 9.91178760008 1
3.74394007482 4.26103990348 0
0.328247974386 7.96346138909 0
9.40062857576 10.3974792691 1
14.5431656617 9.30520673254 1
19.3009994687 5.09417841943 0
14.2674453238 10.265525296 1
9.41135294335 12.9679861156 1
12.5105729054 7.33385540494 1
4.00666986148 1.98014975631 0
2.31011406304 9.86328219343 0
8.74715147762 8.40063827408 1
14.9959726424 3.65014517835 0
6.00518284554 2.37108269718 0
14.3143791843 15.8224630601 0
5.21138559978 10.5355540122 1
14.9637300454 18.5452657482 0
4.99753494838 2.69212952317 0
10.8278708147 4.88047437751 1
12.0678106364 5.71038469489 1
5.89400989413 10.860371465 1
11.0604175297 13.646084845 1
13.0902249176 12.1361440171 1
10.9765719805 8.89596012368 1
18.2391985235 0.0784945794351 0
6.79469717999 7.17945144938 1
11.7911823841 4.37848946468 1
5.85121518553 2.76819187975 0
18.4641425623 1.40415064237 0
19.1994796654 5.7787455757 0
8.86528153734 6.87245933895 1
19.4804060667 11.0775618876 0
1.72597600003 3.42774728219 0
16.4331236585 13.2066775102 0
7.05494291986 5.0826993094 1
16.5054311985 14.7055403283 0
3.8127850722 8.55322315795 0
10.1288734449 12.1705621897 1
1.34307873517 6.95332240411 0
13.2941140241 11.5264317309 1
8.29391779971 15.2772321088 1
6.20602013764 10.0423740025 1
4.98853774098 19.3629061104 0
11.8387250696 7.74524088405 1
14.0749803158 6.73588568794 1
10.9637452997 4.36005019176 1
6.89257377413 8.71889083619 1
13.2077761215 6.10292275391 1
13.8186144329 6.18160034519 1
7.93488980304 8.55690364328 1
1.82055706759 12.9655625851 0
7.87468002386 15.6064201315 1
12.0567262765 9.97391382556 1
10.5013667114 8.33400095093 1
12.9443906754 9.87652081009 1
8.2964007673 4.6075368157 1
14.5827612204 14.9042283109 0
3.56001618488 7.66061552286 0
6.9217051077 7.58391868993 1
15.1356736796 12.9923230905 1
8.52528478987 17.2726265635 0
8.46896173558 13.0193286954 1
11.7862577803 5.86796967491 1
10.3978890596 5.90971590616 1
19.3236217774 3.10725019062 0
11.3707550343 12.4119359824 1
19.9360968944 5.66015057956 0
1.94807867944 13.3291461498 0
9.13654528687 11.5954296212 1
9.01385479599 5.12440688381 1
17.8284324114 19.3932903678 0
10.960058031 10.0295009818 1
14.8176552357 8.1019873581 1
13.0270963143 14.3610746049 1
7.46556175103 16.4759439061 0
8.90142232772 3.86731672676 0
15.1984572665 6.7395671315 0
15.0674718995 7.1737768052 1
10.4359429322 6.77046016618 1
5.49030101197 18.1927532641 0
9.9043148059 12.8041275631 1
6.95628566914 11.7206396945 1
17.6473760012 0.265157863902 0
9.73063304057 7.01403676495 1
11.1124930729 11.7497355643 1
5.11871525813 12.6041730104 1
2.05046509134 13.0896894218 0
12.7557607779 9.90130856821 1
18.1320179944 14.7031540377 0
10.9268867892 7.04852006007 1
5.96856164885 15.3848077015 0
9.7391447091 15.462463002 1
5.17115694819 0.455904927592 0
4.57098544001 10.7784175902 1
11.681720891 14.7482429954 1
8.99430033534 10.367588899 1
6.99621181206 0.316092902704 0
2.66991918927 2.78677002225 0
0.644235249948 18.7620303902 0
19.4683704516 8.83083263379 0
14.6583729177 13.6696663056 1
2.28600053083 15.4483848879 0
6.26388626913 19.9070822394 0
7.01406460212 9.25495891348 1
4.54208501797 14.6390802135 0
14.5856320038 6.28006912237 1
13.256145306 13.5186864632 1
6.91891698769 19.2628410058 0
19.4391924107 13.5603439218 0
0.0465225174284 16.2595506154 0
16.5168086232 13.1858255545 0
18.0782863013 7.05546488678 0
14.1887329951 1.44655980519 0
2.28853824883 3.97012339032 0
4.47200878682 9.91112738145 1
9.14094702964 6.09272210789 1
2.49218120855 19.9852222671 0
3.47107852517 16.6297391857 0
11.8155091997 10.4913157134 1
17.8943239434 7.32264722845 0
7.16418361 10.7765625058 1
11.5888826777 15.7064539216 1
7.78631570081 10.8956460405 1
6.99841433164 9.03055962547 1
2.21433630265 5.45899921413 0
10.2458754523 5.70374242019 1
11.0108663256 11.966907569 1
9.46711253495 10.3171262289 1
8.36805179283 5.12558673369 1
12.599015466 7.72128140585 1
8.89722831317 12.0027275671 1
12.9392407907 1.15941304529 0
9.08183183193 2.7686183545 0
13.0717882714 16.2134776833 0
18.0865317455 7.56269340597 0
8.36011660728 18.5423744793 0
0.500090128271 18.4248585374 0
14.6363664942 18.7406472545 0
4.60099935383 3.40972341355 0
4.09256041809 0.632533219425 0
19.8036499352 16.2199816256 0
9.55269853301 13.2768905612 1
19.3584578124 16.8344868064 0
7.91058846819 13.8911888174 1
14.577461692 1.72293879311 0
16.9065117723 8.02306991598 0
2.08733461467 5.67739603664 0
5.90269731323 15.7984497403 0
9.89703767822 2.11376883643 0
4.84109222042 7.76298025866 1
8.48707437666 12.8126031483 1
13.8104330108 8.71529952866 1
10.6844123275 10.188850723 1
1.5230101071 7.5331853351 0
7.29730796677 18.2396641869 0
13.9795089353 17.1471267602 0
6.78876185446 8.03223324763 1
14.8697498801 11.2364824461 1
10.383286651 5.01710368294 1
10.0539728929 18.1562177322 0
18.4638611574 7.52832070498 0
11.3020637173 18.9710995373 0
6.11309180841 7.85684109047 1
3.70322502486 15.0285292379 0
3.42049825579 0.791973475982 0
2.47322170701 5.15081080194 0
15.0356253845 8.94612210918 1
9.64058449249 9.11329989464 1
13.0377545535 10.7433506182 1
14.4674374186 3.58360421506 0
9.42361189695 16.4427178289 0
4.81931048351 10.2609765984 1
5.93940632113 1.30281255611 0
2.56003559556 0.577200381863 0
14.8571757326 2.98063236825 0
12.2129985688 16.8787291166 0
4.87678204644 10.7526219613 1
9.59351057916 6.96762419576 1
14.3288779045 10.4355525224 1
17.8300419655 11.4365567798 0
19.9361102039 7.56236406097 0
11.0146373065 10.3194450659 1
11.1254497347 8.06634577268 1
10.0638813163 5.744634888 1
2.58646737897 3.31685601789 0
6.75770229613 14.8782590725 1
2.65124901923 6.78401371576 0
9.7753354841 8.2424839549 1
17.442004378 12.0066860396 0
15.4306951136 8.02507717868 1
15.7288902146 8.68226943888 1
8.05112955575 9.62508360677 1
15.2179557736 5.94972293449 0
8.04947006769 8.306399647 1
11.5065015585 15.5721857932 1
9.25222186568 4.34592892369 1
8.00311458239 1.86146877991 0
18.5709112486 4.27476290881 0
19.3471241119 5.54000864419 0
17.2755148649 3.74441747491 0
8.24366430931 6.34097012351 1
5.47570504555 8.18589310721 1
17.1239777194 6.13707182471 0
4.92083196929 12.1853073654 1
0.0495704088477 18.5264927411 0
17.7060581763 8.59452530484 0
7.01028961766 7.58972254227 1
3.8783937122 12.940778283 0
18.5328095599 7.86698973111 0
2.71721287015 11.0121923879 0
11.7986122363 11.9644047232 1
4.16065874363 0.26763118684 0
5.33502709538 14.2144731301 0
11.2833179335 3.88185533516 0
3.76307253357 10.0191300471 0
4.1699039696 2.53228295027 0
2.12036966493 6.17625157469 0
1.78489283776 19.857992406 0
7.17400979439 15.4212629745 0
19.3601809657 3.2692004615 0
6.38698087354 13.9729805987 1
7.03726151809 5.91593153708 1
10.4011735501 8.51679463808 1
13.0288483454 13.3123314037 1
16.8260041324 16.4419199921 0
7.18605350393 14.9548560717 1
7.043199456 16.0661546567 0
0.101285875921 15.9678529605 0
13.3844275313 14.6591932931 1
12.4981270948 13.2143605468 1
5.9180838414 17.9656589027 0
12.4676423096 8.20333107617 1
6.91392280999 3.03646234431 0
4.78287039219 12.3572879544 1
12.9636001291 11.611446251 1
11.9180867816 0.705627675406 0
12.5621266197 17.7442924108 0
14.5919509879 11.3124957122 1
8.22900566665 10.7863984511 1
16.1656550119 6.20990277586 0
9.00345127528 15.4963602033 1
13.9108932083 3.07996375645 0
10.3941197039 19.9102884168 0
7.77248547272 2.93433667542 0
3.33280999558 0.735537609747 0
7.96097994817 9.48921043513 1
13.0920407426 10.7123317937 1
14.5161057383 8.30763522349 1
8.76503292771 10.3998074998 1
17.3041975693 11.3985686602 0
14.9751652189 4.20269868301 0
2.25628794161 0.971402584951 0
13.1700983753 16.711705787 0
9.82012429336 18.3238819061 0
14.0334315684 7.28962072932 1
2.6230054539 2.20217373975 0
6.64969298519 8.48359198381 1
7.7276121978 1.37635411852 0
12.817460993 8.97197935144 1
7.72990538269 1.71886707861 0
11.3527428626 5.49423261521 1
6.87012937373 17.768227963 0
19.9620065038 14.2098272652 0
8.64607053593 4.86179585058 1
2.90379853416 6.49622638264 0
11.1827429252 13.24348948 1
12.9997779804 14.2906097353 1
11.1481103681 7.86281273477 1
11.1991202795 8.53383126906 1
8.38874746579 9.55870606388 1
9.58208264966 17.683581092 0
4.76815254485 14.5732388662 0
4.32239005167 1.48033184238 0
7.25994436045 12.2825038799 1
16.7544852428 3.18997415101 0
13.0465392763 7.81211569143 1
8.00465367027 5.54654181512 1
11.4601946638 4.67087745805 1
9.96569650759 2.35992420035 0
3.27708128477 4.09091262799 0
2.71626674758 11.2205526731 0
7.72257432101 14.9798048782 1
13.9405683964 11.8094406667 1
9.36794808491 5.25181920765 1
11.0594362122 12.060545002 1
19.0879811976 7.65119107726 0
18.2024978985 13.2080709274 0
11.1026180701 7.82035461237 1
16.8741500852 10.3926441637 0
17.018680712 2.86353542712 0
14.5284463129 11.3461330028 1
7.41409061871 18.9515483343 0
19.4151581163 16.4431840551 0
11.4409562337 5.40819045223 1
14.5071898248 11.3495453632 1
3.84044819791 2.55089495846 0
0.109782487688 18.6288304947 0
10.6186934521 19.179174465 0
14.7332553564 9.12110021697 1
13.8295997661 17.6237786852 0
9.74309234027 6.61413602285 1
16.9298519105 10.2738131469 0
7.25560750072 17.1900738678 0
4.43728922105 8.07983675619 1
8.15889763407 4.99075853806 1
3.79081672809 6.62071818003 0
10.2897951559 4.23356925971 1
14.3715582948 10.690320412 1
14.4728331014 8.9934693647 1
11.6624309071 19.1515496421 0
