14.5677781418 11.004917312 1
10.9804820675 14.5255982298 1
4.43233137002 10.6559260475 1
7.57922659277 16.7649222398 0
7.52453551366 8.31095963694 1
15.5562119727 9.68076379206 1
2.55001948833 4.54216689714 0
15.4213599618 12.290053238 1
14.0213712764 7.96238480418 1
19.843574696 1.40990280213 0
8.7369085218 13.899573159 1
4.47665566382 5.89812979393 0
16.6399945453 15.2441684263 0
11.3565849599 7.39627859296 1
0.553126144679 3.65926842872 0
2.72347091288 9.8318563481 0
6.34355638801 6.90797129715 1
18.8659459991 17.9299822699 0
5.08202794596 11.8982597495 1
5.68839152714 2.25806411527 0
5.8369459229 16.4384357726 0
11.3557665536 12.9451520809 1
11.6294363074 14.3236135992 1
11.2929191834 17.2931636087 0
3.82677191044 16.618537802 0
18.8721310022 0.854954252752 0
1.28210896237 18.2171330857 0
11.1022470036 11.5838626384 1
16.9740025947 10.3361934537 0
7.12149264626 6.26168987928 1
16.0040330231 1.24726168085 0
3.62436721352 12.8867934183 0
1.14185140913 0.841375649534 0
9.44484687567 13.1110681243 1
3.78114462475 14.525293454 0
6.52148426454 6.31802083472 1
15.9930162749 15.2866167436 0
11.1814105623 5.07496933553 1
5.5232658481 14.1148080356 0
10.658187311 5.54036915214 1
13.2735524342 19.5058673207 0
0.0900238510284 17.4512476871 0
16.0421079809 14.6063767814 0
18.9483739447 12.5705519562 0
18.3020608427 8.31040856114 0
14.1563344241 0.551494832622 0
3.91280113887 12.9945413894 0
2.54974747759 10.1280806441 0
7.83235400993 6.37455561811 1
19.8771184896 4.01065003615 0
1.53160244081 5.25385386024 0
17.6153576549 2.92999978724 0
9.38623833595 8.66114569412 1
11.1668180453 11.2522579738 1
7.36784879861 0.631440619171 0
10.8595954072 10.098235001 1
14.6610235577 12.5092854754 1
6.1419016208 11.0403280191 1
16.5675633594 9.0933877976 0
7.12164777144 17.7176109388 0
10.6088631051 13.7532174278 1
6.26672740356 13.8404234907 1
8.59224289735 9.70486193867 1
10.6304410227 11.6752053204 1
5.7546383928 0.165140839035 0
10.4367097974 16.0649211142 0
9.89898715161 17.0278114471 0
16.109161588 17.9428984527 0
1.50351175651 12.3715986849 0
6.5788463789 16.4654208372 0
16.515506446 3.43945710335 0
5.74795481871 13.6326051659 1
9.33144591394 10.0503140135 1
13.2308939865 5.74151907367 1
6.33400036217 8.479796428 1
8.69367014517 14.6063953236 1
13.3114036977 7.51371364443 1
8.73305937027 6.15009345344 1
16.534142007 10.8896125693 0
11.5245248485 9.22697586831 1
19.2784053065 12.4148439743 0
4.47721938082 0.30855757207 0
7.0038575002 4.36860885457 0
11.491804335 13.2266672004 1
11.1224436464 12.2280284529 1
17.6387704193 1.86883555667 0
3.41110395918 13.7060613648 0
2.76492537366 3.55651478084 0
6.55050832907 15.2411057903 0
0.409846463364 1.10285184064 0
7.25650719474 8.1000106201 1
7.49917411585 6.3923628438 1
14.1837531115 7.09940200277 1
11.5216956273 11.8415825098 1
4.72122231507 10.1500709732 1
15.6897705511 15.2910056061 0
8.73579118727 11.5992322237 1
10.9381337198 5.42638030526 1
17.678734323 14.2507202903 0
11.8040464763 10.5797010415 1
12.5227847468 13.5222270527 1
2.25314686853 7.0591971584 0
5.76872341415 11.3025586776 1
0.672524387125 16.0850797877 0
3.8917507012 8.5302356016 0
2.62054003919 17.0982578315 0
14.7091953619 6.40242954326 1
17.8242564237 14.5620436052 0
3.61957394418 15.1381152324 0
7.17977088524 6.40106641749 1
8.17290014652 0.573587834111 0
15.1104195629 7.75937992408 1
8.00036024796 13.4357757001 1
18.8851434001 19.6460097064 0
8.9150617078 1.11463172053 0
10.6063905083 15.720985324 1
11.9354417799 2.6470384801 0
1.93334992904 6.4605173272 0
12.5874444486 7.26514114134 1
14.2269619604 15.1471193276 0
3.78431634229 14.7296042478 0
11.7007052064 8.18859255116 1
14.6722450439 7.64206496548 1
13.8971225849 19.274779412 0
7.38479480132 18.9315510683 0
17.8848539317 13.2822451791 0
14.4958201827 6.89992504019 1
5.8144420495 9.72473784294 1
16.9341598029 1.71461134352 0
1.53457017573 1.73824151844 0
9.25988130622 7.83592345384 1
3.84042111999 16.8787586824 0
11.9223172228 11.396222766 1
16.3876526027 18.0008972417 0
9.46729433727 0.263789896528 0
9.58151594936 4.5528574796 1
10.8095274866 16.6962302734 0
5.02714059425 16.5027452371 0
8.07001917079 13.4799407363 1
6.54739247529 6.81899706534 1
13.5383723249 5.37108794342 1
6.26151990624 13.847376919 1
6.85593762169 7.85022912977 1
2.27338742136 5.03602999099 0
6.08149071267 12.3973233704 1
16.8238439836 7.82947765501 0
8.6155586386 15.5547426513 1
9.75755294774 10.0605070452 1
6.87361445217 2.22488169381 0
2.842681687 14.682957939 0
3.60560031985 10.3089176638 0
13.236317473 12.7260621113 1
13.1982306473 9.69441016623 1
10.5511087215 7.14627259693 1
10.627719995 0.595171994308 0
5.86411362711 7.83507732003 1
8.42613968805 2.13725967034 0
19.9787845663 16.3580253804 0
17.0011813484 1.43762527922 0
12.8535773446 6.54196923221 1
2.30502526914 0.213418588423 0
1.37381292116 6.07143081625 0
4.27886869197 1.92365916368 0
11.8853814498 10.4382450338 1
7.35503469392 0.591336405485 0
12.1886163517 7.94802319736 1
8.2451166317 6.56584548537 1
13.8046779049 5.96479208271 1
11.8881808367 14.3538794057 1
5.54219528232 0.96014949369 0
0.538456013988 12.8738212655 0
7.61077615248 3.14995249127 0
9.91239615681 14.6365413661 1
6.34009138261 5.40624514175 1
8.72173541939 7.80244822103 1
14.2501229098 1.02127273187 0
13.2096124785 7.89604316016 1
8.58381165503 11.2360093402 1
1.31332716336 9.27989592047 0
1.72724720617 9.36714047248 0
3.66871869052 14.5577173799 0
18.5762914628 0.733802482263 0
17.407743853 11.4721631742 0
17.8564348343 7.89878281984 0
1.24173923415 0.667271671565 0
3.71047397896 17.3383586456 0
11.7362646364 5.32981749014 1
10.4592088287 2.56371199855 0
4.51986891442 16.3273439662 0
15.7576972891 9.60524137528 1
6.52106611027 6.34265413312 1
3.11430943867 8.00313334044 0
4.77834259581 9.02298980707 1
9.06432523214 10.4913198232 1
9.99314676098 6.09240392636 1
19.1205044584 8.71100151051 0
17.9746639878 7.27950056601 0
12.231009266 9.83138025245 1
5.56571207681 16.8285608528 0
0.18734864278 17.5071387112 0
2.8062927503 9.47711602492 0
10.5958380595 19.8884609354 0
8.02887269586 7.29554532446 1
12.2790940418 5.15230958337 1
1.99849824987 12.6008842376 0
13.8133956548 6.78705269787 1
12.8575159898 17.3054459937 0
10.8071055753 6.16152009933 1
11.456295229 6.62657217619 1
6.14239903943 9.21488390566 1
8.84381057433 0.993707721861 0
1.95668199765 2.32873049048 0
3.2412938465 19.4965682025 0
15.5619541162 0.75415536487 0
5.78038996138 12.3906808153 1
6.78424165053 14.5005170611 1
7.43012445461 3.44440905926 0
9.77226092102 18.6012236166 0
6.94430477267 11.2485069182 1
5.84156320008 7.14278912912 1
14.5011783124 10.049491762 1
3.53073193672 4.45157558823 0
4.20613628091 14.2060841326 0
12.1585493523 5.64160106407 1
9.68020242582 11.64843738 1
6.51891617052 7.87501837381 1
5.98318099475 8.32968493007 1
9.94056114701 4.53781250932 1
12.4209805465 13.9919131704 1
18.568435619 8.18527704694 0
12.1066039941 12.1549646076 1
13.1454967895 5.19928469814 1
8.70010704523 3.6352229106 0
2.93839477806 17.0498865428 0
17.4994823019 2.2084384248 0
4.875904308 5.05805323855 0
10.6974310077 4.30312213274 1
15.5746549299 4.13750552401 0
1.05079758303 8.80679168733 0
10.7869760513 4.9400409928 1
12.3566147267 14.3808310429 1
7.52575943195 4.75913159121 1
18.2101630352 1.60042749001 0
8.36423124539 5.06429542798 1
3.30691298566 6.62665035495 0
7.19819943156 10.6832245756 1
12.257872573 7.74009465446 1
7.81648921986 13.928575335 1
5.66336828316 12.2438424117 1
18.1002709744 14.563808644 0
18.7598717975 13.7041554092 0
17.9126640316 2.59480620382 0
11.2948477185 2.80156311247 0
17.7658425629 7.4551836179 0
10.5790224771 4.89949508351 1
7.72586077728 13.5023027605 1
3.13347114729 1.88645543184 0
13.1388731945 8.58985324541 1
4.63362548992 9.70764017738 1
10.1677632688 12.8953962487 1
11.378950509 4.50582023899 1
1.89421140835 16.6372385277 0
6.88311013109 11.8463023904 1
6.94790682439 6.87451371765 1
13.4881875857 10.0217408669 1
18.3716011269 11.4466225169 0
18.4806895552 15.2973374307 0
0.623839447281 3.67715485652 0
7.26808019771 13.1706417729 1
19.8759219674 17.5250705603 0
12.0309133196 15.0021291217 1
14.8744056904 12.5262268255 1
7.03429321586 6.38540714353 1
18.3731034343 19.4938629328 0
14.9081617741 1.8388716884 0
8.45400066265 18.4799265295 0
10.0962229362 5.62882237224 1
2.913888728 7.63016519164 0
10.4555653364 14.1887887752 1
18.790808945 2.79499027404 0
11.1536855122 5.6182993633 1
12.7144000093 4.95438004379 1
13.5970228894 12.4441091583 1
2.7246260294 18.9257395545 0
11.8969209982 12.1736550787 1
12.1511008369 7.0268233294 1
17.443039824 12.3864882791 0
4.99090294166 7.6427763479 1
14.9245559562 12.3137315553 1
7.39605190693 14.5781047617 1
15.2662567325 14.0834402483 0
13.7956536886 12.8710306745 1
1.83015205105 8.62588499198 0
19.2700008338 12.0785835207 0
3.66436527937 16.2264825635 0
4.50663463324 15.5941388285 0
6.83119803431 10.2674016918 1
13.3782906003 5.24953905206 1
10.5586960904 10.1022298949 1
8.78129849037 11.460031421 1
8.86828140354 2.49228224804 0
14.156377419 7.55351325055 1
12.3739684273 8.22576229548 1
14.4937820379 7.16170241864 1
10.5469715293 13.4566939484 1
7.71629357793 7.87105300585 1
6.57411677258 17.1969002136 0
10.8333672817 8.5694350896 1
16.5543481874 4.59687099558 0
10.3582357221 2.21920396054 0
19.1860419385 16.97789829 0
4.57136391681 7.45109750401 1
13.3368813588 12.4812977334 1
6.86372995122 18.3902405879 0
15.3382808507 5.26365793041 0
8.5554838313 14.4133656057 1
15.2816772287 12.7187895684 1
10.5346684776 13.6092377122 1
8.30078918129 5.55968087517 1
12.7325177283 4.71391915613 1
10.0039724552 6.1416663826 1
0.39638666007 16.6234501689 0
8.59278007737 4.29073797306 1
8.33230495361 7.61273771015 1
0.89517954528 16.2443129524 0
7.85453862035 5.42070165299 1
15.2941128248 9.86520991443 1
12.4591738677 2.67530122332 0
5.98256226696 10.3739089589 1
1.88819030561 1.51863828016 0
6.95913636981 0.715519824134 0
7.10127306996 10.2827037346 1
6.682960381 8.90445465476 1
14.4334845987 6.02021493068 1
12.121171346 4.20325031417 0
11.8018903235 5.55988168665 1
17.0150213576 7.70420111995 0
19.8200529242 4.99937928565 0
7.2914716611 8.07912504071 1
16.0302252089 19.3745984262 0
9.54575516226 4.02776304905 1
9.15711873876 8.08602029909 1
12.4256729251 17.6945051426 0
7.01693237574 13.8413258471 1
18.89901217 6.0584767947 0
5.18160361524 6.28990731578 0
16.152366692 11.9183642298 0
13.7105380306 8.95961028111 1
6.89788939554 2.93770894453 0
2.97207354476 1.57647327597 0
19.3709627384 1.57337538504 0
4.89382563527 14.8945133124 0
5.47009251909 6.61002505095 1
2.37834700556 7.4415268997 0
12.9290691819 17.7364977592 0
15.5282766539 5.8856254731 0
14.3965638226 9.78794842194 1
1.68594158958 14.0714259195 0
4.21811936691 11.1453296059 1
4.6865711176 7.93174049458 1
3.03588176018 12.240671063 0
4.68624406682 14.2287547009 0
11.2923494262 8.14522028568 1
0.864997891976 2.38239737618 0
10.2290960624 4.16774552751 1
15.4046356513 4.31275862349 0
7.05879591285 16.4075658252 0
19.5906326416 18.8211489264 0
10.3679292214 9.3682877243 1
2.1808455376 15.349631494 0
1.12458489502 1.72070082891 0
18.6935680861 14.0349179795 0
15.654769897 11.1172139707 1
1.41254556863 15.5309076435 0
7.25202881716 14.4537603891 1
12.624123385 17.4138524548 0
4.21694525475 12.9963777484 0
13.5956807364 11.5702089977 1
9.96504788694 8.51767519415 1
11.2116642895 8.48846385246 1
10.4949283224 14.3883652245 1
2.74173196579 12.8748989984 0
17.0900488392 17.353060145 0
19.5423084058 10.7576837392 0
14.5218158217 6.30434866086 1
8.57819899041 18.9814080431 0
1.22916929495 8.31018866929 0
0.350350037858 6.60429061328 0
15.1453806873 14.7442938317 0
8.71237061774 5.8444279071 1
19.9555460495 12.5073080387 0
2.64118383133 17.8079829566 0
11.7200720543 12.1770329598 1
3.81298562656 7.9070365687 0
19.799068369 7.09505422562 0
3.30298890553 12.8636867066 0
2.97422676215 8.23537197401 0
2.08068067589 1.35469767338 0
18.0194038455 12.2536331425 0
18.1132904852 15.7933160205 0
12.4373803102 18.2247441051 0
4.70234910533 11.5187794732 1
12.7928059108 14.7211255467 1
10.5019238085 16.5988209072 0
5.44788443165 11.3350192832 1
13.7313333487 3.22362970314 0
0.188549124757 17.3447829075 0
8.43739375521 4.88234519617 1
15.101716282 13.8631291242 0
16.6122178689 3.61440427162 0
6.92574435782 11.9931930572 1
0.993990020738 12.5066331941 0
10.2883214381 6.84410638777 1
15.8744379175 10.9999141013 1
11.4653849171 8.40219348651 1
13.2657317304 5.2920060341 1
11.9983766897 1.27341449702 0
9.83287185775 12.7673690985 1
3.60248537546 17.7798090198 0
14.0705001807 15.3809469838 0
12.7099277903 5.00888138553 1
9.46522820295 14.3168679476 1
13.2240927739 9.1893959285 1
8.59166439271 10.3194815903 1
14.8290950362 12.3872758249 1
8.80234101208 5.37058967796 1
2.59143777268 15.2985355294 0
19.1110333061 3.98060868806 0
13.0194584528 9.13278833453 1
11.0972705137 2.24152659272 0
1.32945414846 8.25272070791 0
6.3527374486 11.9769571852 1
0.624078805609 13.991452252 0
14.2466801605 7.95781361199 1
12.772978134 14.8651093924 1
1.18109276879 8.86554031638 0
17.0039472576 16.4696948436 0
7.79304905381 15.4493606089 1
12.5025416022 8.1692336402 1
18.162831968 18.1280939798 0
2.7762634835 18.2318589015 0
11.7122751613 8.49906576811 1
7.59198716378 15.8239052755 0
7.95035130897 11.4255678064 1
14.0220260503 4.8364206478 0
7.77176551558 11.2966452511 1
6.83764030859 15.4064107685 0
15.2946125431 5.10922143747 0
13.4612152831 12.4478719497 1
9.41409302688 7.8641357877 1
11.460911503 7.40175521487 1
13.6976643339 6.0737899483 1
11.7640526169 6.52949365867 1
0.158527895248 16.2464833638 0
5.55581415179 12.0424898315 1
10.6127489798 8.1200196075 1
2.40532532321 15.5424938677 0
10.0771568638 13.1996119688 1
9.54787946042 10.6525874959 1
7.3336282713 16.6462136424 0
8.40327768957 4.63269752616 1
10.6084278049 4.97983686115 1
13.3202917473 5.6835301698 1
11.9756126494 13.7377695453 1
18.5807041952 16.438123259 0
4.89324674358 7.32739514253 1
7.46251690421 8.6145119014 1
17.6717349214 2.91052572728 0
11.2267201872 7.89058121307 1
13.7198069046 10.2426427471 1
8.79793110487 7.64141705886 1
9.71456886582 6.18349231763 1
12.1451388556 5.98780736886 1
10.5638597249 17.8647729063 0
13.9266355271 11.0976739892 1
14.3806660358 5.9653895203 1
9.10547862844 11.4275381743 1
10.4508203776 15.4577329464 1
12.0788760213 3.24346423082 0
8.29956603225 10.0522003493 1
11.4442202414 15.8709742124 0
8.82411287156 2.42928488158 0
13.4510250542 6.02562577863 1
19.7027754299 7.63741460121 0
1.63473194437 14.4633822851 0
15.604097247 14.4248500702 0
19.8986459756 14.6441281664 0
15.7449813694 17.8062080254 0
8.36422730918 6.65332315989 1
11.1699349596 8.14687895624 1
15.9127207398 16.0846813324 0
16.427844279 8.70152821673 0
3.35144958462 16.2836505983 0
5.14801076403 12.1633107557 1
14.5071570627 9.92679252744 1
15.6935726121 9.79611645858 1
14.7690891037 8.93936755261 1
5.54741189756 5.0384180911 0
0.947564224394 5.31656215257 0
9.71390670058 14.6277208034 1
